word,x,y,x+1 dist,x-1 dist,y+1 dist,y-1 dist,width,height,table
CONSULTATION,1105,45,332.0,0,252.0,0,303,34,0
DRAFT,1437,45,417.0,332.0,252.0,0,124,33,0
TABLE,1105,297,153.0,417.0,252.0,252.0,125,34,0
OF,1258,297,77.0,153.0,143.0,252.0,48,34,0
CONTENTS,1335,297,164.0,77.0,143.0,252.0,200,34,0
VOLUME,1206,397,181.0,164.0,143.0,143.0,152,35,0
III,1387,397,818.0,181.0,998.0,143.0,72,34,0
Page,2198,501,1854.0,818.0,998.0,998.0,100,45,1
CHAPTER,347,599,203.0,1854.0,1854.0,1854.0,174,35,1
6,550,599,75.0,203.0,53.0,1854.0,21,33,1
CONCEPTUAL,625,599,278.0,75.0,53.0,1854.0,250,34,1
DESIGN,903,599,179.0,278.0,53.0,1854.0,150,34,1
OF,1082,599,73.0,179.0,53.0,1854.0,46,33,1
A,1155,599,51.0,73.0,53.0,1854.0,24,33,1
REPOSITORY,1206,599,970.0,51.0,53.0,1854.0,255,35,1
6-,2176,599,101.0,970.0,53.0,1854.0,44,33,1
1,2277,599,1930.0,101.0,53.0,1854.0,18,32,1
INTRODUCTION,348,651,1827.0,1930.0,53.0,53.0,300,36,1
6-,2175,651,102.0,1827.0,51.0,53.0,46,33,1
1,2277,651,1929.0,102.0,51.0,53.0,18,33,1
6.1,349,701,125.0,1929.0,51.0,51.0,70,33,1
Design,474,701,177.0,125.0,71.0,51.0,150,42,1
basis,651,701,1525.0,177.0,71.0,51.0,122,35,1
6-,2176,701,100.0,1525.0,71.0,51.0,44,32,1
6,2276,701,1878.0,100.0,71.0,51.0,21,33,1
6.1.1,399,751,176.0,1878.0,71.0,71.0,121,33,1
Repository,575,751,279.0,176.0,73.0,71.0,249,42,1
design,854,751,177.0,279.0,73.0,71.0,148,44,1
requirements,1031,751,1144.0,177.0,73.0,71.0,300,39,1
6-,2175,751,101.0,1144.0,73.0,71.0,46,33,1
6,2276,751,1826.0,101.0,73.0,71.0,22,33,1
6.1.1.1,451,802,224.0,1826.0,73.0,73.0,170,33,1
Legal,675,802,153.0,224.0,49.0,73.0,123,44,1
requirements,828,802,1348.0,153.0,49.0,73.0,300,43,1
6-,2176,802,100.0,1348.0,49.0,73.0,44,33,1
6,2276,802,1826.0,100.0,49.0,73.0,22,33,1
6.1.1.2,451,851,226.0,1826.0,49.0,49.0,173,34,1
Department,677,851,277.0,226.0,51.0,49.0,250,44,1
of,954,851,75.0,277.0,51.0,49.0,45,35,1
Energy,1029,851,180.0,75.0,51.0,49.0,150,42,1
functional,1209,851,280.0,180.0,51.0,49.0,249,36,1
requirements,1489,851,687.0,280.0,51.0,49.0,300,42,1
6-,2176,851,99.0,687.0,51.0,49.0,45,33,1
8,2275,851,1825.0,99.0,51.0,49.0,23,33,1
6.1.1.3,451,902,225.0,1825.0,51.0,51.0,173,33,1
Mined,676,902,152.0,225.0,73.0,51.0,125,35,1
geologic,828,902,228.0,152.0,73.0,51.0,201,43,1
disposal,1056,902,230.0,228.0,73.0,51.0,198,43,1
system,1286,902,178.0,230.0,73.0,51.0,149,39,1
for,1464,902,99.0,178.0,73.0,51.0,72,35,1
waste,1563,902,613.0,99.0,73.0,51.0,124,30,1
6-,2176,902,77.0,613.0,73.0,51.0,44,33,1
17,2253,902,1752.0,77.0,73.0,51.0,45,34,1
6.1.1.3.1,502,954,276.0,1752.0,73.0,73.0,220,34,1
Site,778,954,1398.0,276.0,50.0,73.0,97,34,1
6-,2176,954,74.0,1398.0,50.0,73.0,45,33,1
25,2250,954,1749.0,74.0,50.0,73.0,48,33,1
6.1.1.3.2,502,1004,275.0,1749.0,50.0,50.0,223,34,1
Repository,777,1004,1398.0,275.0,50.0,50.0,251,43,1
6-,2175,1004,75.0,1398.0,50.0,50.0,46,33,1
25,2250,1004,1751.0,75.0,50.0,50.0,48,33,1
6.1.1.3.3,500,1053,277.0,1751.0,50.0,50.0,223,33,1
Waste,777,1053,152.0,277.0,71.0,50.0,123,34,1
package,929,1053,1246.0,152.0,71.0,50.0,174,44,1
6-,2175,1053,74.0,1246.0,71.0,50.0,45,32,1
26,2249,1053,1800.0,74.0,71.0,50.0,48,33,1
6.1.1.4,450,1103,224.0,1800.0,71.0,71.0,173,32,1
Public,674,1103,180.0,224.0,72.0,71.0,151,35,1
safety,854,1103,178.0,180.0,72.0,71.0,148,44,1
considerations,1032,1103,1143.0,178.0,72.0,71.0,350,36,1
6-,2175,1103,74.0,1143.0,72.0,71.0,45,33,1
27,2249,1103,1750.0,74.0,72.0,71.0,47,34,1
6.1.1.4.1,500,1154,276.0,1750.0,72.0,72.0,221,34,1
Radiological,776,1154,331.0,276.0,51.0,72.0,301,44,1
protection,1107,1154,279.0,331.0,51.0,72.0,251,41,1
design,1386,1154,179.0,279.0,51.0,72.0,150,42,1
requirements,1565,1154,610.0,179.0,51.0,72.0,299,43,1
6-,2175,1154,74.0,610.0,51.0,72.0,45,33,1
28,2249,1154,1750.0,74.0,51.0,72.0,48,33,1
6.1.1.4.2,500,1205,276.0,1750.0,51.0,51.0,224,33,1
Design,776,1205,180.0,276.0,51.0,51.0,152,43,1
classifications,956,1205,1219.0,180.0,51.0,51.0,375,35,1
6-,2175,1205,74.0,1219.0,51.0,51.0,45,32,1
28,2249,1205,1750.0,74.0,51.0,51.0,48,33,1
6.1.1.4.3,500,1256,278.0,1750.0,51.0,51.0,224,34,1
Safety,778,1256,177.0,278.0,69.0,51.0,148,43,1
design,955,1256,178.0,177.0,69.0,51.0,150,43,1
considerations,1133,1256,1042.0,178.0,69.0,51.0,351,34,1
6-,2175,1256,74.0,1042.0,69.0,51.0,44,32,1
28,2249,1256,1801.0,74.0,69.0,51.0,48,33,1
6.1.1.5,449,1302,228.0,1801.0,69.0,69.0,174,33,1
Site,677,1302,129.0,228.0,54.0,69.0,96,35,1
constraints,806,1302,1369.0,129.0,54.0,69.0,272,39,1
6-,2175,1302,74.0,1369.0,54.0,69.0,44,32,1
29,2249,1302,1801.0,74.0,54.0,69.0,47,33,1
6.1.1.6,449,1356,229.0,1801.0,54.0,54.0,174,34,1
Operations,678,1356,278.0,229.0,71.0,54.0,248,44,1
scheduling,956,1356,1219.0,278.0,71.0,54.0,249,43,1
6-,2175,1356,74.0,1219.0,71.0,54.0,44,33,1
29,2249,1356,1751.0,74.0,71.0,54.0,46,33,1
6.1.1.6.1,499,1406,280.0,1751.0,71.0,71.0,223,33,1
Construction,779,1406,330.0,280.0,52.0,71.0,300,34,1
schedule,1109,1406,1065.0,330.0,52.0,71.0,197,35,1
6-,2174,1406,75.0,1065.0,52.0,71.0,45,33,1
31,2249,1406,1750.0,75.0,52.0,71.0,45,33,1
6.1.1.6.2,500,1457,277.0,1750.0,52.0,52.0,225,34,1
Waste,777,1457,154.0,277.0,51.0,52.0,124,33,1
handling,931,1457,228.0,154.0,51.0,52.0,199,43,1
and,1159,1457,100.0,228.0,51.0,52.0,72,34,1
disposal,1259,1457,231.0,100.0,51.0,52.0,199,44,1
schedule,1490,1457,684.0,231.0,51.0,52.0,197,35,1
6-,2174,1457,75.0,684.0,51.0,52.0,45,34,1
31,2249,1457,1749.0,75.0,51.0,52.0,45,34,1
6.1.1.6.3,501,1507,278.0,1749.0,51.0,51.0,224,33,1
Caretaker,779,1507,253.0,278.0,50.0,51.0,224,34,1
and,1032,1507,102.0,253.0,50.0,51.0,74,35,1
closure,1134,1507,203.0,102.0,50.0,51.0,172,35,1
schedule,1337,1507,837.0,203.0,50.0,51.0,198,36,1
6-,2174,1507,75.0,837.0,50.0,51.0,45,33,1
31,2249,1507,1749.0,75.0,50.0,51.0,45,33,1
6.1.1.6.4,501,1557,276.0,1749.0,50.0,50.0,225,33,1
Waste,777,1557,154.0,276.0,71.0,50.0,125,34,1
retrieval,931,1557,254.0,154.0,71.0,50.0,223,36,1
schedule,1185,1557,990.0,254.0,71.0,50.0,197,36,1
6-,2175,1557,74.0,990.0,71.0,50.0,44,33,1
33,2249,1557,1799.0,74.0,71.0,50.0,48,33,1
6.1.1.7,451,1607,226.0,1799.0,71.0,71.0,172,33,1
Retrievability-related,677,1607,582.0,226.0,52.0,71.0,555,45,1
design,1259,1607,180.0,582.0,52.0,71.0,150,44,1
criteria,1439,1607,735.0,180.0,52.0,71.0,201,33,1
6-,2174,1607,75.0,735.0,52.0,71.0,45,32,1
33,2249,1607,1800.0,75.0,52.0,71.0,48,32,1
6.1.1.8,450,1658,226.0,1800.0,52.0,52.0,172,33,1
Waste,676,1658,154.0,226.0,233.0,52.0,123,35,1
containment,830,1658,303.0,154.0,233.0,52.0,275,34,1
and,1133,1658,103.0,303.0,233.0,52.0,72,35,1
isolation-related,1236,1658,562.0,103.0,233.0,52.0,427,35,1
design,677,1710,179.0,562.0,233.0,233.0,149,43,1
criteria,856,1710,1318.0,179.0,282.0,233.0,199,33,1
6-,2174,1710,74.0,1318.0,282.0,233.0,44,33,1
34,2248,1710,1849.0,74.0,282.0,233.0,48,33,1
6.1.2,400,1760,175.0,1849.0,282.0,282.0,122,33,1
Reference,575,1760,254.0,175.0,73.0,282.0,224,35,1
design,829,1760,177.0,254.0,73.0,282.0,150,44,1
data,1006,1760,127.0,177.0,73.0,282.0,100,35,1
base,1133,1760,1040.0,127.0,73.0,282.0,96,34,1
6-,2173,1760,75.0,1040.0,73.0,282.0,46,32,1
36,2248,1760,1798.0,75.0,73.0,282.0,48,33,1
6.1.2.1,451,1811,227.0,1798.0,73.0,73.0,170,33,1
Site,678,1811,126.0,227.0,72.0,73.0,96,35,1
geology,804,1811,1370.0,126.0,72.0,73.0,174,44,1
6-,2174,1811,74.0,1370.0,72.0,73.0,45,33,1
37,2248,1811,1747.0,74.0,72.0,73.0,47,34,1
6.1.2.1.1,502,1861,276.0,1747.0,72.0,72.0,220,33,1
Topography,778,1861,281.0,276.0,51.0,72.0,250,43,1
and,1059,1861,100.0,281.0,51.0,72.0,70,34,1
terrain,1159,1861,1015.0,100.0,51.0,72.0,173,31,1
6-,2174,1861,74.0,1015.0,51.0,72.0,45,32,1
37,2248,1861,1747.0,74.0,51.0,72.0,47,33,1
6.1.2.1.2,502,1912,276.0,1747.0,51.0,51.0,223,33,1
Near,778,1912,129.0,276.0,50.0,51.0,99,34,1
surface,907,1912,203.0,129.0,50.0,51.0,171,35,1
soil,1110,1912,125.0,203.0,50.0,51.0,94,34,1
and,1235,1912,101.0,125.0,50.0,51.0,72,34,1
rock,1336,1912,838.0,101.0,50.0,51.0,98,35,1
6-,2174,1912,74.0,838.0,50.0,51.0,44,33,1
40,2248,1912,1747.0,74.0,50.0,51.0,48,33,1
6.1.2.1.3,502,1962,277.0,1747.0,50.0,50.0,223,33,1
Stratigraphy,779,1962,331.0,277.0,52.0,50.0,300,44,1
and,1110,1962,101.0,331.0,52.0,50.0,70,34,1
lithology,1211,1962,963.0,101.0,52.0,50.0,221,44,1
6-,2174,1962,74.0,963.0,52.0,50.0,44,32,1
40,2248,1962,1747.0,74.0,52.0,50.0,48,32,1
6.1.2.1.4,502,2014,277.0,1747.0,52.0,52.0,224,33,1
Structure,779,2014,1395.0,277.0,49.0,52.0,223,34,1
6-,2174,2014,74.0,1395.0,49.0,52.0,44,32,1
44,2248,2014,1747.0,74.0,49.0,52.0,48,32,1
6.1.2.1.5,502,2063,276.0,1747.0,49.0,49.0,223,33,1
Three-dimensional,778,2063,456.0,276.0,284.0,49.0,426,35,1
thermal/mechanical,1234,2063,456.0,456.0,284.0,49.0,452,45,1
stratigraphy,781,2114,327.0,456.0,284.0,284.0,297,43,1
model,1108,2114,1066.0,327.0,334.0,284.0,121,34,1
6-,2174,2114,74.0,1066.0,334.0,284.0,44,32,1
44,2248,2114,1798.0,74.0,334.0,284.0,48,32,1
6.1.2.2,451,2165,228.0,1798.0,334.0,334.0,173,32,1
In,679,2165,77.0,228.0,73.0,334.0,47,35,1
situ,756,2165,126.0,77.0,73.0,334.0,97,33,1
conditions,882,2165,1292.0,126.0,73.0,334.0,247,35,1
6-,2174,2165,74.0,1292.0,73.0,334.0,44,32,1
44,2248,2165,1748.0,74.0,73.0,334.0,48,32,1
6.1.2.2.1,501,2217,278.0,1748.0,73.0,73.0,221,33,1
Temperature,779,2217,1393.0,278.0,51.0,73.0,273,42,1
6-,2172,2217,75.0,1393.0,51.0,73.0,45,32,1
46,2247,2217,1747.0,75.0,51.0,73.0,47,32,1
6.1.2.2.2,501,2268,278.0,1747.0,51.0,51.0,223,33,1
Stress,779,2268,1394.0,278.0,71.0,51.0,146,33,1
6-,2173,2268,74.0,1394.0,71.0,51.0,44,32,1
46,2247,2268,1798.0,74.0,71.0,51.0,47,33,1
6.1.2.3,450,2317,228.0,1798.0,71.0,71.0,173,33,1
Geotechnical,678,2317,328.0,228.0,73.0,71.0,298,35,1
data,1006,2317,1167.0,328.0,73.0,71.0,100,34,1
6-,2173,2317,74.0,1167.0,73.0,71.0,44,32,1
47,2247,2317,1747.0,74.0,73.0,71.0,47,33,1
6.1.2.3.1,501,2368,276.0,1747.0,73.0,73.0,221,33,1
Physical,777,2368,230.0,276.0,50.0,73.0,199,43,1
properties,1007,2368,1166.0,230.0,50.0,73.0,247,43,1
6-,2173,2368,75.0,1166.0,50.0,73.0,44,32,1
54,2248,2368,1748.0,75.0,50.0,73.0,47,32,1
6.1.2.3.2,501,2418,276.0,1748.0,50.0,50.0,223,33,1
Deformability,777,2418,356.0,276.0,51.0,50.0,327,43,1
properties,1133,2418,1039.0,356.0,51.0,50.0,247,41,1
6-,2172,2418,75.0,1039.0,51.0,50.0,45,32,1
55,2247,2418,1747.0,75.0,51.0,50.0,47,32,1
6.1.2.3.3,501,2469,277.0,1747.0,51.0,51.0,223,33,1
Strength,778,2469,228.0,277.0,50.0,51.0,200,43,1
properties,1006,2469,1166.0,228.0,50.0,51.0,248,42,1
6-,2172,2469,75.0,1166.0,50.0,51.0,45,32,1
56,2247,2469,1747.0,75.0,50.0,51.0,47,33,1
6.1.2.3.4,501,2519,278.0,1747.0,50.0,50.0,223,32,1
Geometric,779,2519,254.0,278.0,73.0,50.0,223,32,1
characteristics,1033,2519,404.0,254.0,73.0,50.0,374,35,1
of,1437,2519,76.0,404.0,73.0,50.0,45,34,1
discontinuities,1513,2519,659.0,76.0,73.0,50.0,374,36,1
6-,2172,2519,76.0,659.0,73.0,50.0,45,32,1
59,2248,2519,1799.0,76.0,73.0,50.0,45,32,1
6.1.2.4,450,2570,226.0,1799.0,73.0,73.0,173,32,1
Thermal,676,2570,203.0,226.0,72.0,73.0,173,34,1
properties,879,2570,1293.0,203.0,72.0,73.0,249,42,1
6-,2172,2570,77.0,1293.0,72.0,73.0,45,31,1
60,2249,2570,1749.0,77.0,72.0,73.0,46,32,1
6.1.2.4.1,501,2620,276.0,1749.0,72.0,72.0,220,33,1
Thermal,777,2620,205.0,276.0,52.0,72.0,173,34,1
expansion,982,2620,253.0,205.0,52.0,72.0,223,42,1
coefficient,1235,2620,937.0,253.0,52.0,72.0,274,34,1
6-,2172,2620,76.0,937.0,52.0,72.0,44,32,1
60,2248,2620,1749.0,76.0,52.0,72.0,47,32,1
6.1.2.4.2,500,2671,277.0,1749.0,52.0,52.0,223,33,1
Thermal,777,2671,205.0,277.0,50.0,52.0,173,34,1
conductivity,982,2671,1190.0,205.0,50.0,52.0,298,42,1
6-,2172,2671,76.0,1190.0,50.0,52.0,44,32,1
65,2248,2671,1749.0,76.0,50.0,52.0,45,32,1
6.1.2.4.3,500,2721,277.0,1749.0,50.0,50.0,223,33,1
Thermal,777,2721,205.0,277.0,72.0,50.0,172,34,1
capacitance,982,2721,1190.0,205.0,72.0,50.0,271,42,1
6-,2172,2721,75.0,1190.0,72.0,50.0,44,32,1
65,2247,2721,1799.0,75.0,72.0,50.0,46,32,1
6.1.2.5,449,2771,227.0,1799.0,72.0,72.0,173,33,1
Hydrologic,676,2771,280.0,227.0,72.0,72.0,251,44,1
considerations,956,2771,1216.0,280.0,72.0,72.0,348,34,1
6-,2172,2771,75.0,1216.0,72.0,72.0,43,32,1
66,2247,2771,1749.0,75.0,72.0,72.0,45,33,1
6.1.2.5.1,499,2822,278.0,1749.0,72.0,72.0,221,33,1
Surface,777,2822,201.0,278.0,50.0,72.0,171,34,1
water,978,2822,1193.0,201.0,50.0,72.0,124,30,1
6-,2171,2822,75.0,1193.0,50.0,72.0,44,32,1
66,2246,2822,1748.0,75.0,50.0,72.0,45,32,1
6.1.2.5.2,499,2872,278.0,1748.0,50.0,50.0,223,33,1
Ground,777,2872,175.0,278.0,72.0,50.0,148,35,1
water,952,2872,1219.0,175.0,72.0,50.0,124,29,1
6-,2171,2872,75.0,1219.0,72.0,50.0,44,32,1
66,2246,2872,1799.0,75.0,72.0,50.0,45,32,1
6.1.2.6,448,2922,226.0,1799.0,72.0,72.0,172,33,1
Flood,674,2922,154.0,226.0,1723.0,72.0,125,35,1
characteristics,828,2922,1418.0,154.0,1723.0,72.0,374,34,1
68,2246,2922,77.0,1418.0,1723.0,72.0,45,32,1
6-,2170,2928,0,77.0,1723.0,1723.0,44,32,1
