word,x,y,x+1 dist,x-1 dist,y+1 dist,y-1 dist,width,height,table
Archer,215,182,263.0,0,63.0,0,210,30,0
Daniels,478,182,300.0,263.0,63.0,0,245,30,0
Midland,778,182,307.0,300.0,63.0,0,252,30,0
Company,1085,182,873.0,307.0,63.0,0,279,37,0
Annual,215,245,252.0,873.0,63.0,63.0,200,29,0
Report,467,245,248.0,252.0,599.0,63.0,201,34,0
for,715,245,127.0,248.0,599.0,63.0,80,29,0
the,842,245,136.0,127.0,599.0,63.0,88,28,0
year,978,245,171.0,136.0,599.0,63.0,124,27,0
ended,1149,245,223.0,171.0,599.0,63.0,174,28,0
June,1372,245,181.0,223.0,599.0,63.0,130,27,0
"30,",1553,245,141.0,181.0,599.0,63.0,88,32,0
1994,1694,245,1054.0,141.0,599.0,63.0,138,29,0
,700,595,132.0,1054.0,599.0,599.0,13,11,0
_..7Winitcyhtti),832,595,430.0,132.0,299.0,599.0,515,125,0
ifiWietat,404,631,404.0,430.0,299.0,299.0,394,52,0
t,807,658,117.0,404.0,404.0,404.0,18,23,0
c,919,690,706.0,117.0,117.0,117.0,26,30,0
(Dollars,216,750,159.0,706.0,706.0,706.0,139,32,0
in,375,750,44.0,159.0,1207.0,706.0,26,26,0
"thousands,",419,750,223.0,44.0,1207.0,706.0,202,31,0
except,642,750,136.0,223.0,1207.0,706.0,117,30,0
per,778,750,72.0,136.0,1207.0,706.0,54,26,0
share,850,750,117.0,72.0,1207.0,706.0,99,27,0
data),967,750,458.0,117.0,1207.0,706.0,91,32,0
1994,1422,796,565.0,458.0,1207.0,1207.0,94,30,1
1993,1987,796,1777.0,565.0,1215.0,1207.0,87,31,1
Net,217,944,74.0,1777.0,1215.0,1215.0,60,29,1
sales,291,944,112.0,74.0,102.0,1215.0,95,30,1
and,403,944,80.0,112.0,102.0,1215.0,63,29,1
other,483,944,107.0,80.0,102.0,1215.0,93,30,1
operating,590,944,185.0,107.0,102.0,1215.0,169,36,1
income,775,944,545.0,185.0,102.0,1215.0,127,29,1
"$11,374,372",1320,944,583.0,545.0,102.0,1215.0,248,40,1
"$9,811,362",1903,944,1690.0,583.0,102.0,1215.0,222,37,1
Net,217,1046,74.0,1690.0,102.0,102.0,60,29,1
earnings,291,1046,1116.0,74.0,100.0,102.0,154,37,1
"484,069",1407,1046,559.0,1116.0,100.0,102.0,162,37,1
"567,527",1966,1046,1754.0,559.0,100.0,102.0,158,34,1
Cash,215,1145,105.0,1754.0,100.0,100.0,88,30,1
dividends,320,1145,1112.0,105.0,100.0,100.0,170,30,1
"32,586",1432,1145,558.0,1112.0,100.0,100.0,137,37,1
"32,266",1990,1145,1778.0,558.0,100.0,100.0,134,34,1
Gross,215,1245,121.0,1778.0,100.0,100.0,104,31,1
additions,336,1245,178.0,121.0,101.0,100.0,164,31,1
to,514,1245,52.0,178.0,101.0,100.0,35,28,1
"property,",566,1245,175.0,52.0,101.0,100.0,156,35,1
plant,741,1245,103.0,175.0,101.0,100.0,88,36,1
and,844,1245,79.0,103.0,101.0,100.0,63,29,1
equipment,923,1245,484.0,79.0,101.0,100.0,192,36,1
"682,485",1407,1245,559.0,484.0,101.0,100.0,162,36,1
"572,022",1966,1245,1753.0,559.0,101.0,100.0,158,34,1
Depreciation,216,1345,243.0,1753.0,101.0,101.0,226,36,1
and,459,1345,80.0,243.0,101.0,101.0,63,30,1
amortization,539,1345,869.0,80.0,101.0,101.0,224,30,1
"354,463",1408,1345,558.0,869.0,101.0,101.0,162,36,1
"328,549",1966,1345,1755.0,558.0,101.0,101.0,159,34,1
Working,214,1445,156.0,1755.0,101.0,101.0,142,37,1
capital,370,1445,1000.0,156.0,101.0,101.0,117,35,1
"2,783,817",1370,1445,557.0,1000.0,101.0,101.0,198,37,1
"2,961,503",1927,1445,1714.0,557.0,101.0,101.0,198,35,1
Net,216,1545,77.0,1714.0,101.0,101.0,61,29,1
"property,",293,1545,174.0,77.0,99.0,101.0,155,34,1
plant,467,1545,103.0,174.0,99.0,101.0,88,35,1
and,570,1545,80.0,103.0,99.0,101.0,63,28,1
equipment,650,1545,720.0,80.0,99.0,101.0,192,35,1
"3,538,575",1370,1545,558.0,720.0,99.0,101.0,199,37,1
"3,214,834",1928,1545,1715.0,558.0,99.0,101.0,197,35,1
Long-term,216,1644,193.0,1715.0,99.0,99.0,176,37,1
debt,409,1644,961.0,193.0,101.0,99.0,79,29,1
"2,021,417",1370,1644,558.0,961.0,101.0,99.0,199,38,1
"2,039,143",1928,1644,1717.0,558.0,101.0,99.0,197,34,1
Shareholders',214,1744,269.0,1717.0,101.0,101.0,251,30,1
equity,483,1744,886.0,269.0,164.0,101.0,107,37,1
"5,045,421",1369,1744,558.0,886.0,164.0,101.0,199,38,1
"4,883,251",1927,1744,1720.0,558.0,164.0,101.0,197,34,1
Per,215,1907,71.0,1720.0,164.0,164.0,57,29,1
common,286,1907,169.0,71.0,319.0,164.0,153,23,1
share,455,1907,118.0,169.0,319.0,164.0,101,29,1
Net,518,2006,74.0,118.0,319.0,319.0,60,29,1
earnings,592,2006,891.0,74.0,100.0,319.0,154,37,1
1.40,1483,2006,558.0,891.0,100.0,319.0,85,31,1
1.58,2041,2006,1529.0,558.0,100.0,319.0,84,30,1
Cash,516,2105,106.0,1529.0,100.0,100.0,89,30,1
dividends,622,2105,887.0,106.0,101.0,100.0,170,30,1
.09,1509,2105,559.0,887.0,101.0,100.0,60,31,1
.09,2068,2105,1557.0,559.0,101.0,100.0,57,30,1
Working,515,2205,157.0,1557.0,101.0,101.0,143,38,1
capital,672,2205,810.0,157.0,101.0,101.0,117,35,1
8.10,1482,2205,557.0,810.0,101.0,101.0,86,31,1
8.24,2039,2205,1527.0,557.0,101.0,101.0,85,29,1
Shareholders',516,2305,268.0,1527.0,101.0,101.0,250,31,1
equity,784,2305,673.0,268.0,364.0,101.0,108,37,1
14.68,1457,2305,559.0,673.0,364.0,101.0,111,30,1
13.59,2016,2305,1815.0,559.0,364.0,101.0,108,30,1
Weighted,213,2505,182.0,1815.0,364.0,364.0,165,37,1
average,395,2505,155.0,182.0,100.0,364.0,139,32,1
shares,550,2505,138.0,155.0,100.0,364.0,122,30,1
outstanding,688,2505,631.0,138.0,100.0,364.0,214,37,1
"346,864,000",1319,2505,557.0,631.0,100.0,364.0,249,37,1
"359,914,000",1876,2505,1663.0,557.0,100.0,364.0,248,35,1
Number,216,2604,154.0,1663.0,100.0,100.0,140,30,1
of,370,2604,48.0,154.0,1775.0,100.0,35,29,1
shareholders,418,2604,1014.0,48.0,1775.0,100.0,235,30,1
"33,940",1432,2604,559.0,1014.0,1775.0,100.0,136,37,1
"33,654",1990,2605,0,559.0,1775.0,1775.0,134,35,1
