word,x,y,x+1 dist,x-1 dist,y+1 dist,y-1 dist,width,height,table
7.B.22,1222,165,693.0,0,693.0,0,120,30,0
TABLE,551,336,127.0,693.0,693.0,693.0,102,30,0
7.B.21.,678,336,187.0,127.0,318.0,693.0,136,30,0
Capital,865,336,167.0,187.0,318.0,693.0,137,39,0
Cost,1032,336,104.0,167.0,318.0,693.0,80,30,0
Estimate,1136,336,187.0,104.0,318.0,693.0,162,31,0
for,1323,336,83.0,187.0,318.0,693.0,59,30,0
Geologic,1406,336,191.0,83.0,318.0,693.0,163,38,0
Isolation,1597,336,205.0,191.0,318.0,693.0,180,31,0
in,1802,336,63.0,205.0,318.0,693.0,37,30,0
Basalt,1865,336,144.0,63.0,318.0,693.0,120,31,0
-,2009,336,1144.0,144.0,318.0,693.0,15,6,0
U,866,378,41.0,1144.0,318.0,318.0,17,29,0
and,907,378,84.0,41.0,628.0,318.0,59,30,0
Pu,991,378,62.0,84.0,628.0,318.0,36,31,0
Recycle,1053,378,167.0,62.0,628.0,318.0,141,38,0
-,1220,378,40.0,167.0,628.0,318.0,14,5,0
Accelerated,1260,378,250.0,40.0,628.0,318.0,227,32,0
Mining,1510,378,82.0,250.0,628.0,318.0,122,37,0
Mid-1976,1489,457,189.0,82.0,628.0,628.0,164,31,1
"Costs,",1678,457,147.0,189.0,115.0,628.0,117,33,1
$1000s,1825,457,444.0,147.0,115.0,628.0,117,37,1
Material,1384,502,272.0,444.0,115.0,115.0,159,31,1
Labor,1656,502,249.0,272.0,709.0,115.0,101,31,1
Total,1905,502,1229.0,249.0,709.0,115.0,96,31,1
Surface,678,565,168.0,1229.0,709.0,709.0,143,30,1
Facilities,846,565,140.0,168.0,76.0,709.0,202,30,1
Buildings,721,627,208.0,140.0,76.0,76.0,182,38,1
and,929,627,84.0,208.0,64.0,76.0,58,30,1
structures,1013,627,396.0,84.0,64.0,76.0,202,28,1
"33,300",1409,627,250.0,396.0,64.0,76.0,120,34,1
"38,060",1659,627,271.0,250.0,64.0,76.0,120,36,1
"72,360",1930,627,1213.0,271.0,64.0,76.0,120,36,1
Major,719,690,126.0,1213.0,64.0,64.0,102,35,1
equipment,845,690,561.0,126.0,62.0,64.0,185,37,1
"48,690",1406,690,274.0,561.0,62.0,64.0,123,35,1
"5,300",1680,690,250.0,274.0,62.0,64.0,100,35,1
"53,990",1930,690,1212.0,250.0,62.0,64.0,120,36,1
Bulk,720,751,103.0,1212.0,62.0,62.0,81,30,1
material,823,751,585.0,103.0,62.0,62.0,159,30,1
"30,750",1408,751,250.0,585.0,62.0,62.0,120,34,1
"17,100",1658,751,269.0,250.0,62.0,62.0,120,35,1
"47,850",1927,751,1209.0,269.0,62.0,62.0,121,36,1
Site,720,813,104.0,1209.0,62.0,62.0,80,30,1
development,824,813,604.0,104.0,77.0,62.0,226,37,1
"7,570",1428,813,249.0,604.0,77.0,62.0,100,35,1
"4,730",1677,813,251.0,249.0,77.0,62.0,101,36,1
"12,300",1928,813,1251.0,251.0,77.0,62.0,120,35,1
Shafts,679,877,145.0,1251.0,77.0,77.0,119,31,1
and,824,877,83.0,145.0,74.0,77.0,60,31,1
Hoists,907,877,198.0,83.0,74.0,77.0,120,30,1
Major,719,939,126.0,198.0,74.0,74.0,104,35,1
equipment,845,939,563.0,126.0,63.0,74.0,185,37,1
"25,700",1408,939,269.0,563.0,63.0,74.0,121,34,1
"8,700",1677,939,251.0,269.0,63.0,74.0,101,35,1
"34,400",1928,939,1210.0,251.0,63.0,74.0,121,35,1
Shafts,720,1001,146.0,1210.0,63.0,63.0,120,30,1
and,866,1001,85.0,146.0,76.0,63.0,59,29,1
lining,951,1001,456.0,85.0,76.0,63.0,119,37,1
"62,300",1407,1001,250.0,456.0,76.0,63.0,121,34,1
"33,700",1657,1001,270.0,250.0,76.0,63.0,121,35,1
"96,000",1927,1001,1250.0,270.0,76.0,63.0,121,35,1
Underground,679,1064,251.0,1250.0,76.0,76.0,225,37,1
Facilities,930,1064,217.0,251.0,74.0,76.0,201,30,1
Excavations,722,1124,249.0,217.0,74.0,74.0,223,31,1
and,971,1124,83.0,249.0,64.0,74.0,58,30,1
structures,1054,1124,375.0,83.0,64.0,74.0,202,28,1
"2,510",1429,1124,248.0,375.0,64.0,74.0,100,34,1
"4,510",1677,1124,272.0,248.0,64.0,74.0,101,35,1
"7,020",1949,1124,1232.0,272.0,64.0,74.0,100,36,1
Major,719,1187,126.0,1232.0,64.0,64.0,104,35,1
equipment,845,1187,584.0,126.0,64.0,64.0,185,37,1
"3,170",1429,1187,291.0,584.0,64.0,64.0,100,35,1
220,1720,1187,229.0,291.0,64.0,64.0,58,31,1
"3,390",1949,1187,1230.0,229.0,64.0,64.0,100,35,1
Bulk,721,1250,102.0,1230.0,64.0,64.0,80,30,1
material,823,1250,607.0,102.0,77.0,64.0,160,31,1
"1,960",1430,1250,249.0,607.0,77.0,64.0,99,34,1
"1,470",1679,1250,269.0,249.0,77.0,64.0,100,35,1
"3,430",1948,1250,1271.0,269.0,77.0,64.0,102,36,1
Mining,679,1314,73.0,1271.0,77.0,77.0,122,37,1
Major,720,1374,126.0,73.0,73.0,73.0,103,36,1
equipment,846,1374,561.0,126.0,63.0,73.0,185,37,1
"64,700",1407,1374,521.0,561.0,63.0,73.0,122,34,1
"64,700",1928,1374,1210.0,521.0,63.0,73.0,121,36,1
Mine,720,1437,105.0,1210.0,63.0,63.0,82,30,1
construction,825,1437,563.0,105.0,77.0,63.0,247,30,1
"381,860",1388,1437,250.0,563.0,77.0,63.0,142,34,1
"430,200",1638,1437,270.0,250.0,77.0,63.0,142,36,1
"812,060",1908,1437,1230.0,270.0,77.0,63.0,143,35,1
Backfilling,680,1502,72.0,1230.0,77.0,77.0,226,37,1
Mine,721,1561,105.0,72.0,72.0,72.0,81,29,1
backfilling,826,1561,583.0,105.0,63.0,72.0,225,36,1
"67,400",1409,1561,250.0,583.0,63.0,72.0,121,33,1
"75,900",1659,1561,251.0,250.0,63.0,72.0,120,34,1
"143,300",1910,1561,1191.0,251.0,63.0,72.0,140,36,1
Shaft,721,1624,126.0,1191.0,63.0,63.0,102,30,1
sealing,847,1624,645.0,126.0,88.0,63.0,142,36,1
90,1492,1624,230.0,645.0,88.0,63.0,38,29,1
110,1722,1624,270.0,230.0,88.0,63.0,58,30,1
200,1992,1624,1316.0,270.0,88.0,63.0,58,30,1
Total,679,1701,127.0,1316.0,88.0,88.0,96,31,1
Field,806,1701,125.0,127.0,85.0,88.0,100,29,1
Costs,931,1701,458.0,125.0,85.0,88.0,98,29,1
"731,000",1389,1701,249.0,458.0,85.0,88.0,141,34,1
"620,400",1638,1701,231.0,249.0,85.0,88.0,142,36,1
"1,351,000",1869,1701,1192.0,231.0,85.0,88.0,182,37,1
Architect-Engineer,680,1785,397.0,1192.0,85.0,85.0,372,38,1
Services,1077,1785,855.0,397.0,84.0,85.0,161,31,1
"59,000",1932,1785,1255.0,855.0,84.0,85.0,120,35,1
Owner's,680,1869,169.0,1255.0,84.0,84.0,142,30,1
Costs,849,1869,1063.0,169.0,83.0,84.0,98,30,1
"161,000",1912,1869,1232.0,1063.0,83.0,84.0,140,35,1
Contingency,683,1951,1229.0,1232.0,83.0,83.0,224,37,1
"397,000",1912,1951,1236.0,1229.0,90.0,83.0,141,35,1
TOTAL,680,2040,128.0,1236.0,90.0,90.0,102,30,1
FACILITY,808,2040,1062.0,128.0,315.0,90.0,161,30,1
"1,968,000",1870,2040,877.0,1062.0,315.0,90.0,181,34,1
COST,994,2042,0,877.0,315.0,315.0,79,30,1
