word,x,y,x+1 dist,x-1 dist,y+1 dist,y-1 dist,width,height,table
Table,620,200,155.0,0,272.0,0,124,35,0
2.--Lithologic,775,200,375.0,155.0,272.0,0,343,47,0
log,1150,200,99.0,375.0,272.0,0,69,44,0
and,1249,200,101.0,99.0,272.0,0,69,33,0
stratigraphic,1350,200,349.0,101.0,272.0,0,319,44,0
description,1699,200,815.0,349.0,272.0,0,269,43,0
of,886,252,75.0,815.0,272.0,272.0,46,34,0
drill,961,252,150.0,75.0,608.0,272.0,113,36,0
hole,1111,252,126.0,150.0,608.0,272.0,95,35,0
USW,1237,252,101.0,126.0,608.0,272.0,70,36,0
VH-2--continued,1338,252,204.0,101.0,608.0,272.0,368,36,0
Depth,1474,404,221.0,204.0,608.0,608.0,119,43,1
Thickness,1695,404,254.0,221.0,1149.0,608.0,222,36,1
of,1949,404,77.0,254.0,1149.0,608.0,45,35,1
"interval,",2026,404,1701.0,77.0,1149.0,608.0,211,41,1
Stratigraphic,326,435,348.0,1701.0,1149.0,1149.0,317,43,1
and,674,435,101.0,348.0,1147.0,1149.0,68,34,1
rock,775,435,122.0,101.0,1147.0,1149.0,91,34,1
descriptionl,897,435,576.0,122.0,1147.0,1149.0,293,60,1
meters,1472,455,424.0,576.0,1147.0,1147.0,144,32,1
meters,1896,455,420.0,424.0,43.0,1147.0,145,32,1
(feet),1479,497,425.0,420.0,43.0,43.0,135,45,1
(feet),1904,497,1581.0,425.0,1157.0,43.0,135,45,1
Paintbrush,327,602,269.0,1581.0,1157.0,1157.0,242,35,1
Tuff-Continued,596,602,229.0,269.0,65.0,1157.0,347,36,1
Tiva,372,648,128.0,229.0,65.0,65.0,97,34,1
Canyon,500,648,173.0,128.0,74.0,65.0,142,41,1
MemberContinued,673,648,257.0,173.0,74.0,65.0,419,38,1
"Tuff,",422,702,152.0,257.0,74.0,74.0,118,41,1
"ash-flow,",574,702,250.0,152.0,72.0,74.0,215,40,1
pale-yellowish-,824,702,354.0,250.0,72.0,74.0,368,44,1
"brown,",474,751,170.0,354.0,72.0,72.0,139,40,1
well,644,751,128.0,170.0,51.0,72.0,91,35,1
compacted,772,751,250.0,128.0,51.0,72.0,219,42,1
but,1022,751,552.0,250.0,51.0,72.0,69,34,1
essentially,473,801,301.0,552.0,51.0,51.0,268,43,1
"nonwelded,",774,801,306.0,301.0,50.0,51.0,238,41,1
devitrified;,473,851,325.0,306.0,50.0,50.0,289,40,1
pumice,798,851,174.0,325.0,52.0,50.0,143,43,1
brownish,972,851,223.0,174.0,52.0,50.0,192,35,1
to,1195,851,727.0,223.0,52.0,50.0,47,32,1
"yellowish-gray,",470,902,404.0,727.0,52.0,52.0,368,43,1
as,874,902,72.0,404.0,47.0,52.0,42,27,1
much,946,902,127.0,72.0,47.0,52.0,95,35,1
as,1073,902,74.0,127.0,47.0,52.0,42,26,1
4,1147,902,50.0,74.0,47.0,52.0,20,35,1
cm,1197,902,720.0,50.0,47.0,52.0,46,25,1
(1.6,479,948,120.0,720.0,47.0,47.0,89,45,1
in.),599,948,123.0,120.0,55.0,47.0,89,45,1
"across,",722,948,200.0,123.0,55.0,47.0,165,32,1
but,922,948,98.0,200.0,55.0,47.0,68,34,1
mostly,1020,948,547.0,98.0,55.0,47.0,146,43,1
<0.5,476,1002,122.0,547.0,55.0,55.0,92,35,1
cm.,598,1002,126.0,122.0,51.0,55.0,64,26,1
"Phenocrysts,",724,1002,325.0,126.0,51.0,55.0,288,43,1
3,1049,1002,577.0,325.0,51.0,55.0,18,34,1
"percent,",475,1052,220.0,577.0,51.0,51.0,188,41,1
mainly,695,1052,178.0,220.0,50.0,51.0,146,43,1
sanidine,873,1052,224.0,178.0,50.0,51.0,193,36,1
and,1097,1052,625.0,224.0,50.0,51.0,68,34,1
biotite.,475,1102,247.0,625.0,50.0,50.0,187,35,1
Basal,722,1102,151.0,247.0,47.0,50.0,114,34,1
contact,873,1102,201.0,151.0,47.0,50.0,168,32,1
is,1074,1102,401.0,201.0,47.0,50.0,41,35,1
757-760,1475,1102,549.0,401.0,47.0,50.0,169,34,1
3,2024,1102,1550.0,549.0,47.0,50.0,19,34,1
irregular,475,1149,248.0,1550.0,47.0,47.0,217,44,1
scoured,723,1149,200.0,248.0,184.0,47.0,168,34,1
surface,923,1149,480.0,200.0,184.0,47.0,167,35,1
"(2,484-2,494)",1403,1149,575.0,480.0,184.0,47.0,309,45,1
(10),1978,1149,1658.0,575.0,184.0,47.0,85,45,1
Bedded,324,1254,173.0,1658.0,184.0,184.0,143,34,1
tuff,497,1254,136.0,173.0,67.0,184.0,95,34,1
"Tuff,",370,1302,151.0,136.0,67.0,67.0,119,41,1
mostly,521,1302,175.0,151.0,76.0,67.0,145,43,1
"massive,",696,1302,228.0,175.0,76.0,67.0,191,41,1
pale-,924,1302,501.0,228.0,76.0,67.0,118,43,1
reddish-brown,426,1353,345.0,501.0,76.0,76.0,314,35,1
to,771,1353,72.0,345.0,51.0,76.0,45,31,1
yellowish-gray,843,1353,422.0,72.0,51.0,76.0,348,42,1
and,424,1403,98.0,422.0,51.0,51.0,69,33,1
"moderate-orange-pink,",522,1403,547.0,98.0,47.0,51.0,516,44,1
well,1069,1403,646.0,547.0,47.0,51.0,90,35,1
indurated;,425,1449,274.0,646.0,47.0,47.0,238,40,1
small,699,1449,153.0,274.0,55.0,47.0,110,35,1
(<2,852,1449,94.0,153.0,55.0,47.0,65,45,1
cm),946,1449,101.0,94.0,55.0,47.0,66,45,1
"pumice,",1047,1449,625.0,101.0,55.0,47.0,164,43,1
sparse,425,1504,172.0,625.0,55.0,55.0,143,34,1
dark-reddish-brown,597,1504,179.0,172.0,48.0,55.0,444,35,1
volcanic,425,1552,223.0,179.0,48.0,48.0,191,35,1
lithic,648,1552,174.0,223.0,52.0,48.0,143,35,1
"fragments,",822,1552,272.0,174.0,52.0,48.0,240,43,1
mostly,1094,1552,670.0,272.0,52.0,48.0,147,43,1
<4,426,1603,70.0,670.0,52.0,52.0,43,34,1
mm,496,1603,78.0,70.0,51.0,52.0,49,25,1
across.,574,1603,222.0,78.0,51.0,52.0,164,27,1
Maximum,796,1603,201.0,222.0,51.0,52.0,172,35,1
dip,997,1603,100.0,201.0,51.0,52.0,70,43,1
of,1097,1603,678.0,100.0,51.0,52.0,45,34,1
weak,421,1653,127.0,678.0,51.0,51.0,95,34,1
stratification,548,1653,374.0,127.0,47.0,51.0,342,35,1
near,922,1653,122.0,374.0,47.0,51.0,94,26,1
top,1044,1653,102.0,122.0,47.0,51.0,70,40,1
is,1146,1653,724.0,102.0,47.0,51.0,42,46,1
30.,424,1699,149.0,724.0,47.0,47.0,88,38,1
Small,573,1699,150.0,149.0,51.0,47.0,112,35,1
high-angle,723,1699,275.0,150.0,51.0,47.0,244,44,1
faults6,998,1699,197.0,275.0,51.0,47.0,167,39,1
at,1195,1699,772.0,197.0,51.0,47.0,44,32,1
760.5,425,1749,145.0,772.0,51.0,51.0,117,36,1
m,570,1749,57.0,145.0,56.0,51.0,23,25,1
"(2,495",627,1749,170.0,57.0,56.0,51.0,139,45,1
ft),797,1749,100.0,170.0,56.0,51.0,65,46,1
have,897,1749,478.0,100.0,56.0,51.0,94,34,1
offset,423,1804,174.0,478.0,56.0,56.0,143,34,1
of,597,1804,77.0,174.0,45.0,56.0,45,34,1
less,674,1804,123.0,77.0,45.0,56.0,91,34,1
than,797,1804,126.0,123.0,45.0,56.0,94,35,1
3,923,1804,49.0,126.0,45.0,56.0,19,34,1
cm.,972,1804,502.0,49.0,45.0,56.0,64,26,1
760-774,1474,1804,526.0,502.0,45.0,56.0,169,34,1
14,2000,1804,1578.0,526.0,45.0,56.0,43,34,1
Contact,423,1849,200.0,1578.0,45.0,45.0,167,34,1
at,623,1849,74.0,200.0,118.0,45.0,42,32,1
base,697,1849,124.0,74.0,118.0,45.0,94,34,1
dips,821,1849,127.0,124.0,118.0,45.0,94,43,1
35,948,1849,454.0,127.0,118.0,45.0,67,35,1
"(2,494-2,540)",1402,1849,575.0,454.0,118.0,45.0,310,46,1
(46),1977,1849,1612.0,575.0,118.0,45.0,85,45,1
"Tuff,",369,1953,152.0,1612.0,118.0,118.0,120,41,1
massive,521,1953,200.0,152.0,73.0,118.0,171,35,1
to,721,1953,78.0,200.0,73.0,118.0,46,31,1
"reworked,",799,1953,248.0,78.0,73.0,118.0,212,39,1
crudely,1047,1953,625.0,248.0,73.0,118.0,168,42,1
bedded,424,2001,174.0,625.0,73.0,73.0,142,35,1
in,598,2001,74.0,174.0,47.0,73.0,42,34,1
"places,",672,2001,200.0,74.0,47.0,73.0,165,43,1
pale-reddish-,872,2001,451.0,200.0,47.0,73.0,319,44,1
"brown,",424,2048,175.0,451.0,47.0,47.0,138,40,1
small,599,2048,153.0,175.0,53.0,47.0,111,34,1
(<2,752,2048,94.0,153.0,53.0,47.0,64,45,1
cm),846,2048,102.0,94.0,53.0,47.0,66,45,1
grayish-,948,2048,529.0,102.0,53.0,47.0,193,43,1
brown,422,2100,150.0,529.0,53.0,53.0,118,35,1
pumice;,572,2100,200.0,150.0,51.0,53.0,164,43,1
partly,772,2100,702.0,200.0,51.0,53.0,142,43,1
774-775,1474,2100,549.0,702.0,51.0,53.0,168,36,1
1,2023,2100,1601.0,549.0,51.0,53.0,16,35,1
silicified,423,2150,978.0,1601.0,51.0,51.0,241,35,1
"(2,540-2,543.5)",1401,2150,600.0,978.0,144.0,51.0,360,45,1
(3.5),2001,2150,1683.0,600.0,144.0,51.0,110,45,1
Bedded,322,2252,171.0,1683.0,144.0,144.0,145,34,1
Tuff,493,2252,133.0,171.0,64.0,144.0,99,35,1
"Tuff,",368,2296,155.0,133.0,64.0,64.0,120,41,1
"ash-flow(?),",523,2296,322.0,155.0,78.0,64.0,288,45,1
"massive,",845,2296,427.0,322.0,78.0,64.0,191,41,1
"nonwelded,",422,2351,269.0,427.0,78.0,78.0,239,41,1
"yellowish-gray,",691,2351,273.0,269.0,52.0,78.0,370,44,1
zeolitic;,423,2402,249.0,273.0,52.0,52.0,213,40,1
"pumice,",672,2402,200.0,249.0,49.0,52.0,164,44,1
grayish-yellow,872,2402,454.0,200.0,49.0,52.0,343,43,1
to,421,2450,76.0,454.0,49.0,49.0,46,32,1
"olive-gray,",497,2450,299.0,76.0,52.0,49.0,264,42,1
altered.,796,2450,376.0,299.0,52.0,49.0,189,35,1
"Phenocrysts,",424,2501,324.0,376.0,52.0,52.0,287,42,1
3-5,748,2501,99.0,324.0,50.0,52.0,68,34,1
"percent,",847,2501,224.0,99.0,50.0,52.0,189,40,1
"quartz,",1071,2501,651.0,224.0,50.0,52.0,165,41,1
"sanidine,",422,2550,248.0,651.0,50.0,50.0,214,40,1
and,670,2550,100.0,248.0,51.0,50.0,69,34,1
biotite.,770,2550,251.0,100.0,51.0,50.0,190,36,1
Numerous,1021,2550,603.0,251.0,51.0,50.0,192,34,1
dark-reddish-brown,421,2600,476.0,603.0,51.0,51.0,443,36,1
volcanic,897,2600,477.0,476.0,49.0,51.0,192,35,1
lithic,423,2648,174.0,477.0,49.0,49.0,143,35,1
fragments,597,2648,249.0,174.0,53.0,49.0,217,43,1
0.5-3,846,2648,150.0,249.0,53.0,49.0,120,36,1
cm,996,2648,76.0,150.0,53.0,49.0,46,26,1
in,1072,2648,401.0,76.0,53.0,49.0,41,34,1
775-777,1473,2648,549.0,401.0,53.0,49.0,168,34,1
2,2022,2648,1601.0,549.0,53.0,49.0,19,34,1
diameter,422,2700,929.0,1601.0,53.0,53.0,193,35,1
"(2,543.5-2,549.5)",1351,2700,650.0,929.0,114.0,53.0,409,46,1
(6),2001,2700,1637.0,650.0,114.0,53.0,60,45,1
"Tuff,",368,2800,154.0,1637.0,114.0,114.0,119,41,1
"bedded,",522,2800,202.0,154.0,77.0,114.0,163,40,1
"reworked,",724,2800,250.0,202.0,77.0,114.0,211,40,1
reddish-,974,2800,554.0,250.0,77.0,114.0,191,35,1
brown,423,2853,147.0,554.0,77.0,77.0,117,34,1
to,570,2853,75.0,147.0,47.0,77.0,45,31,1
dark-yellowish-brown.,645,2853,227.0,75.0,47.0,77.0,515,42,1
Phenocrysts,423,2900,298.0,227.0,47.0,47.0,266,43,1
8,721,2900,51.0,298.0,49.0,47.0,21,34,1
"percent,",772,2900,225.0,51.0,49.0,47.0,189,39,1
biotite,997,2900,577.0,225.0,49.0,47.0,168,34,1
and,423,2949,100.0,577.0,49.0,49.0,69,34,1
sanidine.,523,2949,273.0,100.0,54.0,49.0,212,35,1
Dip,796,2949,101.0,273.0,54.0,49.0,69,44,1
20.,897,2949,148.0,101.0,54.0,49.0,88,38,1
Basal,1045,2949,429.0,148.0,54.0,49.0,113,34,1
777-777.2,1474,2949,548.0,429.0,54.0,49.0,216,36,1
0.2,2022,2949,1601.0,548.0,54.0,49.0,68,36,1
contact,422,3002,200.0,1601.0,54.0,54.0,166,32,1
is,622,3002,74.0,200.0,822.0,54.0,41,34,1
fault,696,3002,148.0,74.0,822.0,54.0,117,35,1
dipping,844,3002,203.0,148.0,822.0,54.0,169,44,1
10,1047,3002,303.0,203.0,822.0,54.0,66,35,1
"(2,549.5-2,550)",1350,3002,650.0,303.0,822.0,54.0,360,45,1
(0.5),2000,3002,784.0,650.0,822.0,54.0,110,45,1
20,1230,3149,0,784.0,822.0,822.0,44,36,0
