word,x,y,x+1 dist,x-1 dist,y+1 dist,y-1 dist,width,height,table
Table,614,348,150.0,0,503.0,0,120,31,0
10.--Static,764,348,296.0,150.0,503.0,0,269,35,0
water,1060,348,155.0,296.0,503.0,0,124,31,0
levels,1215,348,170.0,155.0,503.0,0,141,35,0
during,1385,348,176.0,170.0,503.0,0,148,45,0
hydraulic,1561,348,253.0,176.0,503.0,0,221,45,0
testing,1814,348,708.0,253.0,503.0,0,170,44,0
and,1111,424,99.0,708.0,503.0,503.0,74,36,0
construction,1210,424,141.0,99.0,200.0,503.0,298,36,0
Depth,1262,555,153.0,141.0,200.0,200.0,123,38,1
to,1415,555,627.0,153.0,474.0,200.0,42,26,1
Interval,789,581,479.0,627.0,474.0,474.0,195,31,1
Type,313,629,126.0,479.0,479.0,479.0,97,38,1
of,439,629,77.0,126.0,503.0,479.0,46,31,1
test,516,629,774.0,77.0,503.0,479.0,92,25,1
static,1290,629,476.0,774.0,503.0,479.0,143,29,1
tested,815,654,797.0,476.0,503.0,503.0,144,30,1
Geologic,1612,654,225.0,797.0,454.0,503.0,196,38,1
unit,1837,654,128.0,225.0,454.0,503.0,97,29,1
tested,1965,654,1602.0,128.0,454.0,503.0,144,30,1
and,364,704,99.0,1602.0,454.0,454.0,71,31,1
No.,463,704,771.0,99.0,431.0,454.0,66,30,1
water,1234,704,155.0,771.0,431.0,454.0,124,25,1
level,1389,704,596.0,155.0,431.0,454.0,118,32,1
(meters),794,728,477.0,596.0,431.0,431.0,184,40,1
(meters),1268,778,568.0,477.0,477.0,477.0,185,38,1
282.2,715,905,149.0,568.0,568.0,568.0,118,33,1
-,864,905,101.0,149.0,410.0,568.0,21,6,1
334.1,965,905,299.0,101.0,410.0,568.0,119,32,1
282.2,1264,905,273.0,299.0,410.0,568.0,119,31,1
Topopah,1537,905,201.0,273.0,410.0,568.0,172,38,1
Spring,1738,905,173.0,201.0,410.0,568.0,146,36,1
Member,1911,905,1601.0,173.0,410.0,568.0,147,29,1
Pumping,312,979,203.0,1601.0,410.0,410.0,173,36,1
1,515,979,200.0,203.0,76.0,410.0,19,30,1
282.5,715,979,148.0,200.0,76.0,410.0,119,33,1
-,863,979,101.0,148.0,76.0,410.0,21,5,1
451.1,964,979,301.0,101.0,76.0,410.0,120,32,1
282.5,1265,979,322.0,301.0,76.0,410.0,118,31,1
Do.,1587,979,1279.0,322.0,76.0,410.0,65,28,1
Pumping,311,1054,204.0,1279.0,76.0,76.0,174,37,1
2,515,1054,200.0,204.0,77.0,76.0,18,31,1
282.7,715,1054,148.0,200.0,77.0,76.0,119,33,1
-,863,1054,101.0,148.0,77.0,76.0,21,5,1
451.1,964,1054,301.0,101.0,77.0,76.0,120,32,1
282.7,1265,1054,322.0,301.0,77.0,76.0,117,32,1
Do.,1587,1054,1276.0,322.0,77.0,76.0,65,27,1
Injection,314,1130,251.0,1276.0,77.0,77.0,222,37,1
19,565,1130,149.0,251.0,1275.0,77.0,45,32,1
471.2,714,1130,150.0,149.0,1275.0,77.0,119,32,1
-,864,1130,100.0,150.0,1275.0,77.0,20,5,1
502.0,964,1130,300.0,100.0,1275.0,77.0,120,32,1
282.5,1264,1130,273.0,300.0,1275.0,77.0,119,31,1
Tuffaceous,1537,1130,276.0,273.0,1275.0,77.0,246,31,1
beds,1813,1130,126.0,276.0,1275.0,77.0,95,30,1
of,1939,1130,75.0,126.0,1275.0,77.0,44,30,1
Calico,2014,1130,435.0,75.0,1275.0,77.0,144,31,1
Hills,1586,1206,1275.0,435.0,1275.0,1275.0,122,30,1
Swabbing,314,1280,226.0,1275.0,1275.0,1275.0,196,38,1
19,540,1280,174.0,226.0,75.0,1275.0,44,32,1
471.2,714,1280,150.0,174.0,75.0,1275.0,119,32,1
-,864,1280,101.0,150.0,75.0,1275.0,21,5,1
502.0,965,1280,300.0,101.0,75.0,1275.0,120,31,1
282.3,1265,1280,323.0,300.0,75.0,1275.0,118,32,1
Do.,1588,1280,1276.0,323.0,75.0,1275.0,64,28,1
Injection,315,1354,250.0,1276.0,75.0,75.0,221,38,1
16,565,1354,150.0,250.0,1274.0,75.0,44,32,1
501.1,715,1354,149.0,150.0,1274.0,75.0,120,33,1
-,864,1354,101.0,149.0,1274.0,75.0,21,6,1
562.1,965,1354,300.0,101.0,1274.0,75.0,119,32,1
282.4,1265,1354,272.0,300.0,1274.0,75.0,119,31,1
Tuffaceous,1537,1354,276.0,272.0,1274.0,75.0,246,31,1
beds,1813,1354,126.0,276.0,1274.0,75.0,95,30,1
of,1939,1354,75.0,126.0,1274.0,75.0,44,30,1
Calico,2014,1354,435.0,75.0,1274.0,75.0,144,29,1
Hills,1586,1430,152.0,435.0,1274.0,1274.0,121,31,1
and,1738,1430,99.0,152.0,1274.0,1274.0,70,30,1
Prow,1837,1430,125.0,99.0,1274.0,1274.0,100,28,1
Pass,1962,1430,123.0,125.0,1274.0,1274.0,96,28,1
Member,2085,1430,1772.0,123.0,1274.0,1274.0,149,30,1
Swabbing,315,1503,225.0,1772.0,1274.0,1274.0,195,38,1
18,540,1503,175.0,225.0,75.0,1274.0,45,31,1
501.1,715,1503,149.0,175.0,75.0,1274.0,119,31,1
-,864,1503,101.0,149.0,75.0,1274.0,21,6,1
562.1,965,1503,299.0,101.0,75.0,1274.0,119,32,1
282.2,1264,1503,323.0,299.0,75.0,1274.0,119,32,1
Do.,1587,1503,1276.0,323.0,75.0,1274.0,66,28,1
Swabbing,314,1577,226.0,1276.0,75.0,75.0,196,38,1
2,540,1577,174.0,226.0,1275.0,75.0,18,31,1
471.2,714,1577,150.0,174.0,1275.0,75.0,119,32,1
-,864,1577,101.0,150.0,1275.0,75.0,20,5,1
612.6,965,1577,299.0,101.0,1275.0,75.0,119,33,1
282.0,1264,1577,273.0,299.0,1275.0,75.0,120,32,1
Tuffaceous,1537,1577,276.0,273.0,1275.0,75.0,246,31,1
beds,1813,1577,126.0,276.0,1275.0,75.0,95,30,1
of,1939,1577,77.0,126.0,1275.0,75.0,45,29,1
Calico,2016,1577,438.0,77.0,1275.0,75.0,142,30,1
"Hills,",1586,1655,177.0,438.0,1275.0,1275.0,141,38,1
Prow,1763,1655,124.0,177.0,76.0,1275.0,98,27,1
Pass,1887,1655,124.0,124.0,76.0,1275.0,96,28,1
"Member,",2011,1655,431.0,124.0,76.0,1275.0,166,38,1
and,1587,1730,102.0,431.0,76.0,76.0,71,30,1
tuffaceous,1689,1730,276.0,102.0,1276.0,76.0,244,31,1
sandstone,1965,1730,1653.0,276.0,1276.0,76.0,219,31,1
Swabbing,314,1804,225.0,1653.0,1276.0,1276.0,195,38,1
3,539,1804,175.0,225.0,75.0,1276.0,18,30,1
471.2,714,1804,150.0,175.0,75.0,1276.0,119,32,1
-,864,1804,101.0,150.0,75.0,1276.0,21,5,1
612.6,965,1804,299.0,101.0,75.0,1276.0,119,33,1
282.4,1264,1804,323.0,299.0,75.0,1276.0,118,31,1
Do.,1587,1804,1276.0,323.0,75.0,1276.0,65,28,1
Swabbing,314,1879,226.0,1276.0,75.0,75.0,195,38,1
6,540,1879,173.0,226.0,1275.0,75.0,18,31,1
471.2,713,1879,150.0,173.0,1275.0,75.0,120,32,1
-,863,1879,102.0,150.0,1275.0,75.0,21,6,1
661.4,965,1879,299.0,102.0,1275.0,75.0,118,33,1
282.1,1264,1879,273.0,299.0,1275.0,75.0,120,33,1
Tuffaceous,1537,1879,275.0,273.0,1275.0,75.0,245,31,1
beds,1812,1879,126.0,275.0,1275.0,75.0,95,30,1
of,1938,1879,75.0,126.0,1275.0,75.0,44,30,1
Calico,2013,1879,434.0,75.0,1275.0,75.0,145,31,1
"Hills,",1586,1955,176.0,434.0,1275.0,1275.0,142,39,1
Prow,1762,1955,125.0,176.0,76.0,1275.0,99,27,1
Pass,1887,1955,126.0,125.0,76.0,1275.0,96,29,1
"Member,",2013,1955,430.0,126.0,76.0,1275.0,165,36,1
tuffaceous,1590,2030,275.0,430.0,76.0,76.0,242,31,1
"sandstone,",1865,2030,272.0,275.0,77.0,76.0,237,38,1
and,2137,2030,557.0,272.0,77.0,76.0,69,29,1
Bullfrog,1586,2106,224.0,557.0,77.0,77.0,197,38,1
Member,1810,2106,1497.0,224.0,1274.0,77.0,148,30,1
Injection,315,2180,249.0,1497.0,1274.0,1274.0,220,38,1
15,564,2180,150.0,249.0,1276.0,1274.0,43,31,1
584.6,714,2180,149.0,150.0,1276.0,1274.0,119,32,1
-,863,2180,101.0,149.0,1276.0,1274.0,20,5,1
645.6,964,2180,300.0,101.0,1276.0,1274.0,119,32,1
282.4,1264,2180,272.0,300.0,1276.0,1274.0,119,33,1
Prow,1536,2180,125.0,272.0,1276.0,1274.0,99,30,1
Pass,1661,2180,123.0,125.0,1276.0,1274.0,96,29,1
"Member,",1784,2180,205.0,123.0,1276.0,1274.0,169,36,1
tuffaceous,1989,2180,409.0,205.0,1276.0,1274.0,243,31,1
"sandstone,",1588,2257,275.0,409.0,1276.0,1276.0,240,38,1
and,1863,2257,100.0,275.0,77.0,1276.0,69,30,1
Bullfrog,1963,2257,385.0,100.0,77.0,1276.0,195,40,1
Member,1586,2333,1275.0,385.0,77.0,77.0,147,30,1
Swabbing,313,2393,225.0,1275.0,1275.0,1275.0,196,39,1
11,538,2393,177.0,225.0,552.0,1275.0,45,30,1
772.7,715,2393,248.0,177.0,552.0,1275.0,117,31,1
803.1,963,2393,273.0,248.0,552.0,1275.0,120,32,1
1283.6+2,1236,2393,300.0,273.0,552.0,1275.0,195,44,1
Tram,1536,2393,125.0,300.0,552.0,1275.0,99,30,1
unit,1661,2393,798.0,125.0,552.0,1275.0,95,30,1
-,864,2422,554.0,798.0,552.0,552.0,20,6,1
Swabbing,313,2479,225.0,554.0,554.0,554.0,196,39,1
20,538,2479,176.0,225.0,1277.0,554.0,45,32,1
819.9,714,2479,148.0,176.0,1277.0,554.0,119,33,1
-,862,2479,51.0,148.0,1277.0,554.0,21,5,1
"1,063.1",913,2479,351.0,51.0,1277.0,554.0,170,39,1
283.3,1264,2479,272.0,351.0,1277.0,554.0,119,31,1
Tram,1536,2479,126.0,272.0,1277.0,554.0,99,28,1
"unit,",1662,2479,149.0,126.0,1277.0,554.0,115,37,1
bedded,1811,2479,178.0,149.0,1277.0,554.0,146,30,1
"tuff,",1989,2479,410.0,178.0,1277.0,554.0,114,38,1
and,1587,2555,99.0,410.0,1277.0,1277.0,70,31,1
Tuff,1686,2555,126.0,99.0,1104.0,1277.0,96,30,1
of,1812,2555,74.0,126.0,1104.0,1277.0,44,29,1
Lithic,1886,2555,175.0,74.0,1104.0,1277.0,145,31,1
Ridge,2061,2555,1577.0,175.0,1104.0,1277.0,122,39,1
1,487,2639,24.0,1577.0,1104.0,1104.0,13,27,0
Nearly,511,2639,176.0,24.0,453.0,1104.0,148,39,0
recovered,687,2639,326.0,176.0,453.0,1104.0,220,30,0
static,1013,2639,324.0,326.0,453.0,1104.0,143,30,0
level,1337,2639,149.0,324.0,453.0,1104.0,119,31,0
after,1486,2639,152.0,149.0,453.0,1104.0,121,31,0
270,1638,2639,95.0,152.0,453.0,1104.0,69,30,0
minutes.,1733,2639,795.0,95.0,453.0,1104.0,193,29,0
to,939,2661,245.0,795.0,453.0,453.0,42,25,0
water,1184,2661,384.0,245.0,488.0,453.0,123,26,0
21,1245,3040,0,384.0,488.0,488.0,44,30,0
