word,x,y,x+1 dist,x-1 dist,y+1 dist,y-1 dist,width,height,table
F,446,290,60.0,0,56.0,0,22,30,0
GRAPH,506,290,640.0,60.0,56.0,0,148,31,0
SUMMARY,1146,290,243.0,640.0,56.0,0,206,33,0
REPORT,1389,290,732.0,243.0,56.0,0,175,32,0
Table,2121,290,185.0,732.0,56.0,0,144,33,0
19,2306,290,1857.0,185.0,56.0,0,51,31,0
VersNo=,450,345,247.0,1857.0,56.0,56.0,202,30,0
1.0,697,345,1426.0,247.0,517.0,56.0,78,32,0
Page,2123,345,185.0,1426.0,517.0,56.0,116,39,0
9,2308,345,1345.0,185.0,517.0,56.0,21,30,0
NEVADA,964,392,213.0,1345.0,517.0,517.0,178,32,0
TEST,1177,392,153.0,213.0,281.0,517.0,114,32,0
SITE,1330,392,153.0,153.0,281.0,517.0,114,32,0
PMF,1483,392,121.0,153.0,281.0,517.0,83,31,0
STUDY,1604,392,368.0,121.0,281.0,517.0,146,32,0
TUFF,1240,442,153.0,368.0,281.0,281.0,117,32,0
RAMP,1393,442,672.0,153.0,520.0,281.0,117,31,0
THUNDERSTORM,723,492,394.0,672.0,520.0,520.0,361,33,0
PMF,1117,492,123.0,394.0,253.0,520.0,84,31,0
AT,1240,492,91.0,123.0,253.0,520.0,54,33,0
ONE,1331,492,122.0,91.0,253.0,520.0,83,32,0
MIN.,1453,492,152.0,122.0,253.0,520.0,111,33,0
UNIT,1605,492,151.0,152.0,253.0,520.0,115,32,0
DURATION,1756,492,788.0,151.0,253.0,520.0,240,33,0
KLB,970,543,152.0,788.0,253.0,253.0,83,33,0
02-21-1986,1122,543,366.0,152.0,531.0,253.0,295,34,0
08:49:53,1488,543,1030.0,366.0,531.0,253.0,233,32,0
TIME,479,745,306.0,1030.0,531.0,531.0,117,32,1
RAIN,785,745,306.0,306.0,50.0,531.0,116,32,1
LOSS,1091,745,272.0,306.0,50.0,531.0,114,33,1
EXCESS,1363,745,334.0,272.0,50.0,531.0,177,32,1
UNITGRAPH,1697,745,368.0,334.0,50.0,531.0,270,32,1
HYDROGRAPH,2065,745,1585.0,368.0,50.0,531.0,299,32,1
min,481,794,342.0,1585.0,50.0,50.0,88,33,1
in,823,794,303.0,342.0,164.0,50.0,50,32,1
in,1126,794,306.0,303.0,164.0,50.0,51,33,1
in,1432,794,363.0,306.0,164.0,50.0,51,33,1
cfs,1795,794,396.0,363.0,164.0,50.0,80,33,1
cfs,2191,794,1771.0,396.0,164.0,50.0,81,33,1
288.00,427,948,332.0,1771.0,164.0,164.0,170,32,1
0.014,759,948,303.0,332.0,52.0,164.0,142,32,1
0.001,1062,948,305.0,303.0,52.0,164.0,143,32,1
0.013,1367,948,857.0,305.0,52.0,164.0,143,32,1
178,2224,948,1801.0,857.0,52.0,164.0,79,32,1
289.00,424,999,333.0,1801.0,52.0,52.0,171,32,1
0.014,757,999,305.0,333.0,51.0,52.0,142,31,1
0.001,1062,999,304.0,305.0,51.0,52.0,139,32,1
0.013,1366,999,855.0,304.0,51.0,52.0,143,31,1
171,2221,999,1794.0,855.0,51.0,52.0,77,32,1
290.00,428,1049,330.0,1794.0,51.0,51.0,170,32,1
0.013,758,1049,305.0,330.0,51.0,51.0,143,31,1
0.001,1063,1049,305.0,305.0,51.0,51.0,143,31,1
0.012,1368,1049,856.0,305.0,51.0,51.0,142,32,1
164,2224,1049,1801.0,856.0,51.0,51.0,81,32,1
291.00,424,1099,333.0,1801.0,51.0,51.0,172,32,1
0.013,757,1099,305.0,333.0,52.0,51.0,142,32,1
0.001,1062,1099,305.0,305.0,52.0,51.0,139,32,1
0.012,1367,1099,854.0,305.0,52.0,51.0,141,33,1
158,2221,1099,1794.0,854.0,52.0,51.0,81,31,1
292.00,428,1150,330.0,1794.0,52.0,52.0,170,32,1
0.013,758,1150,305.0,330.0,53.0,52.0,143,32,1
0.001,1063,1150,305.0,305.0,53.0,52.0,143,32,1
0.012,1368,1150,857.0,305.0,53.0,52.0,144,32,1
152,2225,1150,1801.0,857.0,53.0,52.0,79,32,1
293.00,425,1202,332.0,1801.0,53.0,53.0,171,32,1
0.012,757,1202,305.0,332.0,51.0,53.0,141,32,1
0.001,1062,1202,305.0,305.0,51.0,53.0,139,32,1
0.011,1367,1202,854.0,305.0,51.0,53.0,140,31,1
147,2221,1202,1793.0,854.0,51.0,53.0,81,32,1
294.00,429,1252,330.0,1793.0,51.0,51.0,169,32,1
0.012,759,1252,304.0,330.0,52.0,51.0,142,32,1
0.001,1063,1252,305.0,304.0,52.0,51.0,143,32,1
0.011,1368,1252,856.0,305.0,52.0,51.0,142,32,1
141,2224,1252,1800.0,856.0,52.0,51.0,80,32,1
295.00,425,1303,333.0,1800.0,52.0,52.0,172,32,1
0.012,758,1303,304.0,333.0,52.0,52.0,140,33,1
0.001,1062,1303,305.0,304.0,52.0,52.0,139,32,1
0.011,1367,1303,854.0,305.0,52.0,52.0,140,32,1
136,2221,1303,1793.0,854.0,52.0,52.0,81,32,1
296.00,429,1354,331.0,1793.0,52.0,52.0,169,31,1
0.012,760,1354,303.0,331.0,52.0,52.0,141,32,1
0.001,1063,1354,306.0,303.0,52.0,52.0,144,32,1
0.011,1369,1354,857.0,306.0,52.0,52.0,142,32,1
132,2226,1354,1800.0,857.0,52.0,52.0,79,31,1
297.00,427,1405,332.0,1800.0,52.0,52.0,171,31,1
0.012,759,1405,304.0,332.0,50.0,52.0,140,32,1
0.001,1063,1405,305.0,304.0,50.0,52.0,139,32,1
0.011,1368,1405,854.0,305.0,50.0,52.0,139,31,1
127,2222,1405,1793.0,854.0,50.0,52.0,81,32,1
298.00,430,1454,330.0,1793.0,50.0,50.0,170,31,1
0.011,760,1454,304.0,330.0,51.0,50.0,142,32,1
0.001,1064,1454,305.0,304.0,51.0,50.0,143,31,1
0.010,1369,1454,857.0,305.0,51.0,50.0,143,32,1
124,2226,1454,1800.0,857.0,51.0,50.0,80,31,1
299.00,427,1504,332.0,1800.0,51.0,51.0,171,31,1
0.011,759,1504,304.0,332.0,52.0,51.0,138,32,1
0.001,1063,1504,305.0,304.0,52.0,51.0,139,32,1
0.010,1368,1504,855.0,305.0,52.0,51.0,143,32,1
120,2223,1504,1794.0,855.0,52.0,51.0,81,32,1
300.00,430,1555,330.0,1794.0,52.0,52.0,170,31,1
0.011,760,1555,305.0,330.0,51.0,52.0,143,31,1
0.001,1065,1555,304.0,305.0,51.0,52.0,142,32,1
0.010,1369,1555,858.0,304.0,51.0,52.0,144,31,1
116,2227,1555,1800.0,858.0,51.0,52.0,79,32,1
301.00,428,1605,332.0,1800.0,51.0,51.0,171,31,1
0.011,760,1605,304.0,332.0,53.0,51.0,138,31,1
0.001,1064,1605,305.0,304.0,53.0,51.0,140,32,1
0.010,1369,1605,854.0,305.0,53.0,51.0,143,33,1
113,2223,1605,1793.0,854.0,53.0,51.0,81,31,1
302.00,431,1657,331.0,1793.0,53.0,53.0,171,31,1
0.011,762,1657,305.0,331.0,51.0,53.0,142,31,1
0.001,1067,1657,304.0,305.0,51.0,53.0,142,32,1
0.010,1371,1657,857.0,304.0,51.0,53.0,143,31,1
110,2228,1657,1800.0,857.0,51.0,53.0,79,32,1
303.00,429,1707,332.0,1800.0,51.0,51.0,171,32,1
0.011,761,1707,304.0,332.0,52.0,51.0,138,32,1
0.001,1065,1707,305.0,304.0,52.0,51.0,140,32,1
0.010,1370,1707,854.0,305.0,52.0,51.0,143,32,1
108,2224,1707,1794.0,854.0,52.0,51.0,82,32,1
304.00,431,1758,332.0,1794.0,52.0,52.0,171,31,1
0.011,763,1758,304.0,332.0,52.0,52.0,142,31,1
0.001,1067,1758,304.0,304.0,52.0,52.0,142,32,1
0.010,1371,1758,857.0,304.0,52.0,52.0,143,32,1
105,2228,1758,1801.0,857.0,52.0,52.0,79,32,1
305.00,428,1809,333.0,1801.0,52.0,52.0,172,32,1
0.011,761,1809,305.0,333.0,52.0,52.0,139,31,1
0.001,1066,1809,304.0,305.0,52.0,52.0,139,31,1
0.010,1370,1809,855.0,304.0,52.0,52.0,144,31,1
103,2225,1809,1796.0,855.0,52.0,52.0,80,31,1
306.00,430,1860,333.0,1796.0,52.0,52.0,172,32,1
0.011,763,1860,224.0,333.0,51.0,52.0,142,31,1
-,987,1860,62.0,224.0,51.0,52.0,26,5,1
-(17001,1049,1860,323.0,62.0,51.0,52.0,162,32,1
0.010,1372,1860,856.0,323.0,51.0,52.0,143,32,1
101,2228,1860,1801.0,856.0,51.0,52.0,79,32,1
307.00,428,1910,333.0,1801.0,51.0,51.0,172,32,1
0.011,761,1910,305.0,333.0,52.0,51.0,139,32,1
0.001,1066,1910,305.0,305.0,52.0,51.0,139,32,1
0.010,1371,1910,884.0,305.0,52.0,51.0,143,32,1
99,2255,1910,1826.0,884.0,52.0,51.0,51,32,1
308.00,430,1961,333.0,1826.0,52.0,52.0,172,31,1
0.011,763,1961,304.0,333.0,51.0,52.0,142,31,1
0.001,1067,1961,306.0,304.0,51.0,52.0,143,32,1
0.010,1373,1961,883.0,306.0,51.0,52.0,143,31,1
98,2256,1961,1829.0,883.0,51.0,52.0,52,31,1
309.00,428,2011,334.0,1829.0,51.0,51.0,172,32,1
0.011,762,2011,305.0,334.0,52.0,51.0,137,32,1
0.001,1067,2011,305.0,305.0,52.0,51.0,139,32,1
0.010,1372,2011,883.0,305.0,52.0,51.0,143,32,1
97,2255,2011,1826.0,883.0,52.0,51.0,51,31,1
310.00,430,2062,334.0,1826.0,52.0,52.0,172,32,1
0.010,764,2062,304.0,334.0,51.0,52.0,142,32,1
0.001,1068,2062,305.0,304.0,51.0,52.0,143,31,1
0.009,1373,2062,884.0,305.0,51.0,52.0,143,31,1
96,2257,2062,1830.0,884.0,51.0,52.0,52,32,1
311.00,428,2112,334.0,1830.0,51.0,51.0,172,32,1
0.010,762,2112,305.0,334.0,52.0,51.0,143,31,1
0.001,1067,2112,305.0,305.0,52.0,51.0,139,31,1
0.009,1372,2112,883.0,305.0,52.0,51.0,142,32,1
95,2255,2112,1826.0,883.0,52.0,51.0,51,32,1
312.00,430,2163,334.0,1826.0,52.0,52.0,172,32,1
0.010,764,2163,303.0,334.0,51.0,52.0,142,32,1
0.001,1067,2163,306.0,303.0,51.0,52.0,144,32,1
0.009,1373,2163,885.0,306.0,51.0,52.0,143,32,1
94,2258,2163,1831.0,885.0,51.0,52.0,51,32,1
313.00,428,2213,334.0,1831.0,51.0,51.0,172,32,1
0.010,762,2213,305.0,334.0,51.0,51.0,143,31,1
0.001,1067,2213,305.0,305.0,51.0,51.0,140,31,1
0.009,1372,2213,884.0,305.0,51.0,51.0,143,32,1
92,2256,2213,1828.0,884.0,51.0,51.0,50,32,1
314.00,429,2263,335.0,1828.0,51.0,51.0,173,31,1
0.010,764,2263,304.0,335.0,52.0,51.0,142,32,1
0.001,1068,2263,305.0,304.0,52.0,51.0,143,31,1
0.009,1373,2263,885.0,305.0,52.0,51.0,144,32,1
91,2258,2263,1832.0,885.0,52.0,51.0,52,31,1
315.00,427,2314,335.0,1832.0,52.0,52.0,173,32,1
0.010,762,2314,305.0,335.0,51.0,52.0,143,32,1
0.001,1067,2314,305.0,305.0,51.0,52.0,140,32,1
0.009,1372,2314,884.0,305.0,51.0,52.0,143,32,1
90,2256,2314,1829.0,884.0,51.0,52.0,52,32,1
316.00,428,2364,336.0,1829.0,51.0,51.0,174,31,1
0.010,764,2364,304.0,336.0,52.0,51.0,142,32,1
0.001,1068,2364,305.0,304.0,52.0,51.0,143,32,1
0.009,1373,2364,885.0,305.0,52.0,51.0,144,32,1
89,2258,2364,1832.0,885.0,52.0,51.0,51,32,1
317.00,427,2415,335.0,1832.0,52.0,52.0,173,32,1
0.009,762,2415,305.0,335.0,51.0,52.0,143,32,1
0.001,1067,2415,305.0,305.0,51.0,52.0,140,32,1
0.008,1372,2415,885.0,305.0,51.0,52.0,143,32,1
87,2257,2415,1829.0,885.0,51.0,52.0,50,32,1
318.00,429,2465,335.0,1829.0,51.0,51.0,173,32,1
0.009,764,2465,304.0,335.0,51.0,51.0,143,33,1
0.001,1068,2465,305.0,304.0,51.0,51.0,143,32,1
0.008,1373,2465,885.0,305.0,51.0,51.0,144,32,1
86,2258,2465,1831.0,885.0,51.0,51.0,52,31,1
319.00,428,2515,335.0,1831.0,51.0,51.0,172,32,1
0.009,763,2515,304.0,335.0,52.0,51.0,142,32,1
0.001,1067,2515,306.0,304.0,52.0,51.0,140,32,1
0.008,1373,2515,885.0,306.0,52.0,51.0,142,32,1
85,2258,2515,1829.0,885.0,52.0,51.0,51,31,1
320.00,430,2566,334.0,1829.0,52.0,52.0,172,32,1
0.009,764,2566,306.0,334.0,52.0,52.0,143,33,1
0.001,1070,2566,303.0,306.0,52.0,52.0,142,32,1
0.008,1373,2566,885.0,303.0,52.0,52.0,144,32,1
84,2258,2566,1831.0,885.0,52.0,52.0,53,30,1
321.00,428,2617,336.0,1831.0,52.0,52.0,173,32,1
0.009,764,2617,304.0,336.0,51.0,52.0,142,32,1
0.001,1068,2617,305.0,304.0,51.0,52.0,139,31,1
0.008,1373,2617,885.0,305.0,51.0,52.0,143,31,1
83,2258,2617,1828.0,885.0,51.0,52.0,51,32,1
322.00,431,2667,333.0,1828.0,51.0,51.0,172,32,1
0.008,764,2667,306.0,333.0,51.0,51.0,144,32,1
0.001,1070,2667,305.0,306.0,51.0,51.0,141,32,1
0.007,1375,2667,885.0,305.0,51.0,51.0,142,32,1
82,2260,2667,1833.0,885.0,51.0,51.0,51,32,1
323.00,428,2717,336.0,1833.0,51.0,51.0,174,31,1
0.008,764,2717,304.0,336.0,51.0,51.0,142,32,1
0.001,1068,2717,305.0,304.0,51.0,51.0,140,32,1
0.007,1373,2717,885.0,305.0,51.0,51.0,142,32,1
80,2258,2717,1828.0,885.0,51.0,51.0,52,32,1
324.00,431,2767,334.0,1828.0,51.0,51.0,172,31,1
0.008,765,2767,305.0,334.0,52.0,51.0,143,32,1
0.001,1070,2767,305.0,305.0,52.0,51.0,142,32,1
0.007,1375,2767,886.0,305.0,52.0,51.0,143,33,1
78,2261,2767,1833.0,886.0,52.0,51.0,51,31,1
325.00,429,2818,335.0,1833.0,52.0,52.0,173,31,1
0.008,764,2818,305.0,335.0,51.0,52.0,142,31,1
0.001,1069,2818,305.0,305.0,51.0,52.0,139,31,1
0.007,1374,2818,884.0,305.0,51.0,52.0,140,31,1
77,2258,2818,1827.0,884.0,51.0,52.0,51,31,1
326.00,432,2868,334.0,1827.0,51.0,51.0,172,30,1
0.008,766,2868,304.0,334.0,51.0,51.0,142,32,1
0.001,1070,2868,306.0,304.0,51.0,51.0,142,32,1
0.007,1376,2868,885.0,306.0,51.0,51.0,141,31,1
76,2261,2868,1831.0,885.0,51.0,51.0,51,30,1
327.00,431,2918,334.0,1831.0,51.0,51.0,171,30,1
0.007,765,2918,304.0,334.0,340.0,51.0,140,32,1
0.001,1069,2918,305.0,304.0,340.0,51.0,139,31,1
0.006,1374,2918,886.0,305.0,340.0,51.0,143,32,1
74,2260,2918,1494.0,886.0,340.0,51.0,50,30,1
0.007,767,2968,303.0,1494.0,340.0,340.0,141,32,1
0.001,1070,2968,306.0,303.0,336.0,340.0,143,31,1
0.006,1376,2968,885.0,306.0,336.0,340.0,142,31,1
72,2261,2968,1830.0,885.0,336.0,340.0,51,32,1
328.00,432,2974,0,1830.0,336.0,336.0,172,31,1
