word,x,y,x+1 dist,x-1 dist,y+1 dist,y-1 dist,width,height,table
INDEX,850,330,116.0,0,1547.0,0,94,26,0
OF,966,330,59.0,116.0,1547.0,0,38,27,0
COMMENTS,1025,330,179.0,59.0,1547.0,0,157,28,0
ON,1204,330,60.0,179.0,1547.0,0,37,28,0
THE,1264,330,80.0,60.0,1547.0,0,57,26,0
DRAFT,1344,330,120.0,80.0,1547.0,0,97,26,0
ENVIRONMENTAL,1464,330,277.0,120.0,1547.0,0,254,27,0
ASSESSMENT,1741,330,221.0,277.0,1547.0,0,197,28,0
FOR,1962,330,77.0,221.0,1547.0,0,55,27,0
THE,2039,330,80.0,77.0,1547.0,0,57,26,0
YUCCA,2119,330,118.0,80.0,1547.0,0,97,27,0
MOUNTAIN,2237,330,180.0,118.0,1547.0,0,156,28,0
SITE,2417,330,79.0,180.0,1547.0,0,76,27,0
CLASSIFICATION,2395,405,595.0,79.0,1547.0,1547.0,276,26,1
LETTER,1802,442,157.0,595.0,595.0,595.0,117,25,1
COMMENT,1959,442,1668.0,157.0,1511.0,595.0,138,27,1
STATE,292,479,417.0,1668.0,1511.0,1511.0,96,27,1
NAME,709,479,654.0,417.0,114.0,1511.0,77,26,1
ORGANIZATION,1363,479,438.0,654.0,114.0,1511.0,236,27,1
NUMBER,1801,479,159.0,438.0,114.0,1511.0,118,27,1
NUMBER,1960,479,241.0,159.0,114.0,1511.0,118,26,1
FIRST,2201,479,197.0,241.0,114.0,1511.0,94,26,1
SECOND,2398,479,217.0,197.0,114.0,1511.0,116,27,1
THIRD,2615,479,222.0,217.0,114.0,1511.0,97,25,1
FOURTH,2837,479,2549.0,222.0,114.0,1511.0,113,27,1
pistrict,291,592,180.0,2549.0,114.0,114.0,156,32,1
of,471,592,59.0,180.0,1533.0,114.0,37,28,1
Columbia,530,592,183.0,59.0,1533.0,114.0,159,31,1
(continued),713,592,1112.0,183.0,1533.0,114.0,208,32,1
01275,1822,669,159.0,1112.0,1533.0,1533.0,95,26,1
00013,1981,669,177.0,159.0,38.0,1533.0,95,26,1
C.4.2.2,2158,669,219.0,177.0,38.0,1533.0,135,27,1
C.4.3,2377,669,556.0,219.0,38.0,1533.0,96,26,1
01275,1823,706,159.0,556.0,38.0,38.0,95,26,1
00015,1982,706,176.0,159.0,38.0,38.0,94,26,1
C.8.2,2158,706,219.0,176.0,38.0,38.0,96,27,1
C.2.7,2377,706,556.0,219.0,38.0,38.0,97,27,1
01275,1823,744,159.0,556.0,38.0,38.0,95,26,1
00016,1982,744,177.0,159.0,38.0,38.0,95,26,1
C.2.7,2159,744,340.0,177.0,38.0,38.0,96,27,1
01275,1822,781,160.0,340.0,38.0,38.0,95,25,1
00017,1982,781,176.0,160.0,38.0,38.0,95,25,1
C.2.1.1,2158,781,338.0,176.0,38.0,38.0,132,26,1
01275,1823,818,159.0,338.0,38.0,38.0,95,26,1
00026,1982,818,176.0,159.0,37.0,38.0,95,25,1
C.3.4.4,2158,818,338.0,176.0,37.0,38.0,138,27,1
01275,1823,855,159.0,338.0,37.0,37.0,95,26,1
00034,1982,855,177.0,159.0,37.0,37.0,96,25,1
C.2.7,2159,855,339.0,177.0,37.0,37.0,97,27,1
01275,1823,892,159.0,339.0,37.0,37.0,94,27,1
00035,1982,892,176.0,159.0,37.0,37.0,94,26,1
C.3.I,2158,892,338.0,176.0,37.0,37.0,93,27,1
01275,1823,929,159.0,338.0,37.0,37.0,95,27,1
00036,1982,929,177.0,159.0,38.0,37.0,95,25,1
C.7.4,2159,929,339.0,177.0,38.0,37.0,97,27,1
01275,1823,967,159.0,339.0,38.0,38.0,95,27,1
00037,1982,967,177.0,159.0,38.0,38.0,96,25,1
C.7.4.4,2159,967,338.0,177.0,38.0,38.0,137,27,1
01275,1824,1004,159.0,338.0,38.0,38.0,95,26,1
00038,1983,1004,177.0,159.0,40.0,38.0,95,25,1
C.2.7,2160,1004,340.0,177.0,40.0,38.0,96,27,1
01275,1823,1043,159.0,340.0,40.0,40.0,95,25,1
00039,1982,1043,177.0,159.0,36.0,40.0,95,25,1
C.6.4,2159,1043,338.0,177.0,36.0,40.0,97,27,1
01275,1823,1079,159.0,338.0,36.0,36.0,95,26,1
00040,1982,1079,177.0,159.0,40.0,36.0,95,25,1
C.7.2,2159,1079,338.0,177.0,40.0,36.0,96,26,1
01275,1824,1118,159.0,338.0,40.0,40.0,95,25,1
00041,1983,1118,176.0,159.0,37.0,40.0,91,25,1
C.5.1,2159,1118,338.0,176.0,37.0,40.0,93,26,1
01275,1823,1154,159.0,338.0,37.0,37.0,95,26,1
00042,1982,1154,177.0,159.0,39.0,37.0,95,25,1
C.5.1,2159,1154,338.0,177.0,39.0,37.0,92,26,1
01275,1824,1192,159.0,338.0,39.0,39.0,94,26,1
00043,1983,1192,177.0,159.0,37.0,39.0,94,25,1
C.5.1,2160,1192,339.0,177.0,37.0,39.0,92,27,1
01275,1824,1229,159.0,339.0,37.0,37.0,95,26,1
00044,1983,1229,177.0,159.0,39.0,37.0,96,25,1
C.5.1,2160,1229,340.0,177.0,39.0,37.0,93,27,1
01275,1823,1267,159.0,340.0,39.0,39.0,95,26,1
00045,1982,1267,177.0,159.0,38.0,39.0,95,25,1
C.5.1,2159,1267,338.0,177.0,38.0,39.0,94,26,1
01275,1824,1304,159.0,338.0,38.0,38.0,95,26,1
00046,1983,1304,177.0,159.0,38.0,38.0,95,25,1
C.5.3,2160,1304,339.0,177.0,38.0,38.0,96,27,1
01275,1824,1342,159.0,339.0,38.0,38.0,95,26,1
00048,1983,1342,177.0,159.0,37.0,38.0,95,25,1
C.5.3,2160,1342,339.0,177.0,37.0,38.0,96,26,1
01275,1824,1379,159.0,339.0,37.0,37.0,95,26,1
00049,1983,1379,177.0,159.0,38.0,37.0,96,25,1
C.2.7,2160,1379,339.0,177.0,38.0,37.0,98,27,1
01275,1824,1417,159.0,339.0,38.0,38.0,94,26,1
00050,1983,1417,177.0,159.0,38.0,38.0,94,25,1
C.3.1,2160,1417,338.0,177.0,38.0,38.0,92,27,1
01275,1825,1454,159.0,338.0,38.0,38.0,94,25,1
00051,1984,1454,176.0,159.0,38.0,38.0,90,25,1
C.2.7,2160,1454,338.0,176.0,38.0,38.0,97,26,1
01275,1825,1492,159.0,338.0,38.0,38.0,94,25,1
00073,1984,1492,177.0,159.0,38.0,38.0,94,24,1
C.2.7,2161,1492,340.0,177.0,38.0,38.0,96,27,1
01275,1824,1529,159.0,340.0,38.0,38.0,95,25,1
00075,1983,1529,177.0,159.0,39.0,38.0,94,25,1
C.2.7,2160,1529,338.0,177.0,39.0,38.0,97,27,1
01275,1825,1567,159.0,338.0,39.0,39.0,94,25,1
00096,1984,1567,177.0,159.0,36.0,39.0,95,25,1
C.2.7,2161,1567,221.0,177.0,36.0,39.0,96,26,1
--,2382,1567,559.0,221.0,36.0,39.0,34,4,1
01275,1825,1603,159.0,559.0,36.0,36.0,95,26,1
00097,1984,1603,177.0,159.0,39.0,36.0,95,25,1
C.4.3,2161,1603,219.0,177.0,39.0,36.0,96,26,1
C.4.2.2,2380,1603,558.0,219.0,39.0,36.0,135,26,1
01275,1824,1641,159.0,558.0,39.0,39.0,95,26,1
00098,1983,1641,177.0,159.0,38.0,39.0,95,25,1
C.4.3,2160,1641,219.0,177.0,38.0,39.0,96,26,1
C.4.3,2379,1641,222.0,219.0,38.0,39.0,96,26,1
--,2601,1641,777.0,222.0,38.0,39.0,34,4,1
01275,1825,1678,159.0,777.0,38.0,38.0,94,26,1
00099,1984,1678,177.0,159.0,38.0,38.0,95,25,1
C.7.1.1,2161,1678,218.0,177.0,38.0,38.0,132,26,1
C.7.2.3,2379,1678,219.0,218.0,38.0,38.0,137,26,1
C.7.2.3,2598,1678,219.0,219.0,38.0,38.0,137,26,1
C.7.1.1,2817,1678,993.0,219.0,38.0,38.0,132,27,1
01275,1825,1716,159.0,993.0,38.0,38.0,95,26,1
00100,1984,1716,177.0,159.0,37.0,38.0,95,25,1
C.7.2.3,2161,1716,219.0,177.0,37.0,38.0,136,26,1
C.7.1.1,2380,1716,221.0,219.0,37.0,38.0,132,26,1
--,2601,1716,777.0,221.0,37.0,38.0,35,3,1
01275,1825,1753,159.0,777.0,37.0,37.0,95,26,1
00101,1984,1753,177.0,159.0,38.0,37.0,91,25,1
C.7.2.3,2161,1753,219.0,177.0,38.0,37.0,136,27,1
C.7.1.1.3,2380,1753,219.0,219.0,38.0,37.0,176,27,1
C.7.1.1,2599,1753,775.0,219.0,38.0,37.0,133,27,1
01275,1825,1791,159.0,775.0,38.0,38.0,94,26,1
00102,1984,1791,177.0,159.0,37.0,38.0,94,25,1
C.4.3,2161,1791,219.0,177.0,37.0,38.0,96,26,1
C.4.2.2,2380,1791,219.0,219.0,37.0,38.0,136,26,1
C.3.7,2599,1791,219.0,219.0,37.0,38.0,97,26,1
C.7.1,2818,1791,994.0,219.0,37.0,38.0,92,26,1
01275,1825,1828,160.0,994.0,37.0,37.0,95,26,1
00103,1985,1828,176.0,160.0,39.0,37.0,93,25,1
C.4.2.2,2161,1828,219.0,176.0,39.0,37.0,136,26,1
C.3.7,2380,1828,219.0,219.0,39.0,37.0,97,26,1
C.7.1,2599,1828,774.0,219.0,39.0,37.0,93,26,1
01275,1826,1866,159.0,774.0,39.0,39.0,94,26,1
00104,1985,1866,177.0,159.0,38.0,39.0,95,25,1
C.4.2.2,2162,1866,219.0,177.0,38.0,39.0,135,26,1
C.7.1,2381,1866,219.0,219.0,38.0,39.0,92,26,1
C.3.7,2600,1866,776.0,219.0,38.0,39.0,96,26,1
01275,1825,1903,159.0,776.0,38.0,38.0,95,25,1
00108,1984,1903,177.0,159.0,37.0,38.0,95,25,1
C.6.6,2161,1903,219.0,177.0,37.0,38.0,97,26,1
C.6.5,2380,1903,557.0,219.0,37.0,38.0,96,26,1
01275,1825,1940,159.0,557.0,37.0,37.0,95,26,1
00109,1984,1940,178.0,159.0,38.0,37.0,96,25,1
C.5.11,2162,1940,222.0,178.0,38.0,37.0,112,26,1
--,2384,1940,560.0,222.0,38.0,37.0,33,4,1
01275,1826,1977,159.0,560.0,38.0,38.0,94,26,1
00110,1985,1977,177.0,159.0,40.0,38.0,94,25,1
C.5.11,2162,1977,219.0,177.0,40.0,38.0,112,27,1
C.5.11,2381,1977,558.0,219.0,40.0,38.0,112,26,1
01275,1825,2016,159.0,558.0,40.0,40.0,95,26,1
00111,1984,2016,178.0,159.0,38.0,40.0,92,25,1
C.4.3,2162,2016,218.0,178.0,38.0,40.0,95,27,1
C.4.3,2380,2016,221.0,218.0,38.0,40.0,96,27,1
--,2601,2016,776.0,221.0,38.0,40.0,35,3,1
01275,1826,2053,159.0,776.0,38.0,38.0,94,26,1
00112,1985,2053,177.0,159.0,774.0,38.0,94,25,1
C.5.11,2162,2053,219.0,177.0,774.0,38.0,112,27,1
C.5.11,2381,2053,219.0,219.0,774.0,38.0,112,27,1
C.5.11,2599,2055,0,219.0,774.0,774.0,113,27,1
