word,x,y,x+1 dist,x-1 dist,y+1 dist,y-1 dist,width,height,table
Modest,325,581,148.0,0,100.0,0,133,30,0
growth,473,581,140.0,148.0,100.0,0,123,40,0
in,613,581,47.0,140.0,100.0,0,31,27,0
paper-grade,660,581,230.0,47.0,100.0,0,214,39,0
pulp,890,581,92.0,230.0,100.0,0,76,39,0
demand,982,581,154.0,92.0,100.0,0,137,29,0
is,1136,581,40.0,154.0,100.0,0,23,28,0
expected,1176,581,169.0,40.0,100.0,0,152,38,0
during,1345,581,135.0,169.0,100.0,0,116,40,0
1994.,1480,581,119.0,135.0,100.0,0,89,28,0
>,1599,581,44.0,119.0,100.0,0,17,17,0
At,1643,581,55.0,44.0,100.0,0,40,28,0
the,1698,581,70.0,55.0,100.0,0,54,30,0
same,1768,581,100.0,70.0,100.0,0,84,19,0
"time,",1868,581,104.0,100.0,100.0,0,88,35,0
little,1972,581,99.0,104.0,100.0,0,83,29,0
new,2071,581,1747.0,99.0,100.0,0,67,18,0
chemical,327,680,170.0,1747.0,100.0,100.0,154,30,0
pulp,497,680,92.0,170.0,100.0,100.0,76,39,0
capacity,589,680,158.0,92.0,100.0,100.0,142,38,0
is,747,680,40.0,158.0,100.0,100.0,24,28,0
expected,787,680,169.0,40.0,100.0,100.0,152,39,0
to,956,680,49.0,169.0,100.0,100.0,32,21,0
start,1005,680,91.0,49.0,100.0,100.0,77,20,0
up,1096,680,58.0,91.0,100.0,100.0,42,28,0
in,1154,680,52.0,58.0,100.0,100.0,31,28,0
1994.,1206,680,107.0,52.0,100.0,100.0,90,29,0
A,1313,680,40.0,107.0,100.0,100.0,25,26,0
large,1353,680,101.0,40.0,100.0,100.0,85,39,0
part,1454,680,85.0,101.0,100.0,100.0,70,31,0
of,1539,680,48.0,85.0,100.0,100.0,37,30,0
the,1587,680,70.0,48.0,100.0,100.0,54,30,0
capacity,1657,680,158.0,70.0,100.0,100.0,143,38,0
that,1815,680,82.0,158.0,100.0,100.0,68,29,0
will,1897,680,79.0,82.0,100.0,100.0,63,30,0
start,1976,680,92.0,79.0,100.0,100.0,78,21,0
up,2068,680,1744.0,92.0,100.0,100.0,42,28,0
in,327,780,47.0,1744.0,100.0,100.0,30,28,0
the,374,780,70.0,47.0,99.0,100.0,53,29,0
next,444,780,88.0,70.0,99.0,100.0,72,20,0
few,532,780,74.0,88.0,99.0,100.0,57,30,0
years,606,780,103.0,74.0,99.0,100.0,88,19,0
will,709,780,79.0,103.0,99.0,100.0,61,29,0
be,788,780,55.0,79.0,99.0,100.0,37,29,0
hardwood,843,780,190.0,55.0,99.0,100.0,174,30,0
from,1033,780,99.0,190.0,99.0,100.0,83,30,0
the,1132,780,71.0,99.0,99.0,100.0,53,30,0
Southern,1203,780,177.0,71.0,99.0,100.0,161,30,0
Hemisphere.,1380,780,245.0,177.0,99.0,100.0,227,40,0
Current,1625,780,155.0,245.0,99.0,100.0,142,29,0
weak,1780,780,102.0,155.0,99.0,100.0,88,30,0
"earnings,",1882,780,177.0,102.0,99.0,100.0,159,39,0
environ-,2059,780,1735.0,177.0,99.0,100.0,150,28,0
mental,327,879,135.0,1735.0,99.0,99.0,118,30,0
expenditures,462,879,241.0,135.0,100.0,99.0,224,39,0
required,703,879,165.0,241.0,100.0,99.0,149,40,0
on,868,879,58.0,165.0,100.0,99.0,41,18,0
existing,926,879,151.0,58.0,100.0,99.0,136,38,0
"facilities,",1077,879,175.0,151.0,100.0,99.0,158,36,0
and,1252,879,77.0,175.0,100.0,99.0,60,30,0
increasing,1329,879,196.0,77.0,100.0,99.0,181,38,0
environmental,1525,879,273.0,196.0,100.0,99.0,257,30,0
regulation,1798,879,198.0,273.0,100.0,99.0,182,40,0
related,1996,879,1672.0,198.0,100.0,99.0,121,30,0
to,327,979,48.0,1672.0,100.0,100.0,32,20,0
the,375,979,70.0,48.0,99.0,100.0,53,29,0
construction,445,979,239.0,70.0,99.0,100.0,223,28,0
of,684,979,48.0,239.0,99.0,100.0,37,29,0
new,732,979,84.0,48.0,99.0,100.0,69,18,0
mills,816,979,99.0,84.0,99.0,100.0,83,29,0
should,915,979,132.0,99.0,99.0,100.0,115,30,0
constrain,1047,979,180.0,132.0,99.0,100.0,162,28,0
future,1227,979,121.0,180.0,99.0,100.0,105,31,0
capacity,1348,979,158.0,121.0,99.0,100.0,143,38,0
growth.,1506,979,165.0,158.0,99.0,100.0,135,40,0
>,1671,979,49.0,165.0,99.0,100.0,16,17,0
Weyerhaeuser's,1720,979,1397.0,49.0,99.0,100.0,283,40,0
major,327,1078,115.0,1397.0,99.0,99.0,100,37,0
mill,442,1078,84.0,115.0,100.0,99.0,67,29,0
"modernizations,",526,1078,303.0,84.0,100.0,99.0,285,36,0
announced,829,1078,207.0,303.0,100.0,99.0,191,30,0
last,1036,1078,72.0,207.0,100.0,99.0,59,30,0
"year,",1108,1078,100.0,72.0,100.0,99.0,84,29,0
will,1208,1078,80.0,100.0,100.0,99.0,64,30,0
put,1288,1078,72.0,80.0,100.0,99.0,57,30,0
the,1360,1078,69.0,72.0,100.0,99.0,53,30,0
company,1429,1078,174.0,69.0,100.0,99.0,158,28,0
in,1603,1078,48.0,174.0,100.0,99.0,31,27,0
a,1651,1078,30.0,48.0,100.0,99.0,13,18,0
strong,1681,1078,127.0,30.0,100.0,99.0,112,31,0
competitive,1808,1078,224.0,127.0,100.0,99.0,208,38,0
position,2032,1078,1708.0,224.0,100.0,99.0,142,38,0
in,327,1178,47.0,1708.0,100.0,100.0,30,27,0
terms,374,1178,113.0,47.0,101.0,100.0,97,21,0
of,487,1178,49.0,113.0,101.0,100.0,37,30,0
product,536,1178,152.0,49.0,101.0,100.0,137,39,0
and,688,1178,76.0,152.0,101.0,100.0,61,30,0
process,764,1178,146.0,76.0,101.0,100.0,130,28,0
quality,910,1178,136.0,146.0,101.0,100.0,121,39,0
and,1046,1178,76.0,136.0,101.0,100.0,60,29,0
the,1122,1178,70.0,76.0,101.0,100.0,54,30,0
environmental,1192,1178,274.0,70.0,101.0,100.0,256,30,0
status,1466,1178,115.0,274.0,101.0,100.0,98,21,0
of,1581,1178,48.0,115.0,101.0,100.0,37,30,0
our,1629,1178,73.0,48.0,101.0,100.0,59,19,0
mill,1702,1178,84.0,73.0,101.0,100.0,68,30,0
system.,1786,1178,145.0,84.0,101.0,100.0,128,31,0
Parts,1931,1178,105.0,145.0,101.0,100.0,88,29,0
of,2036,1178,48.0,105.0,101.0,100.0,37,30,0
the,2084,1178,1759.0,48.0,101.0,100.0,53,30,0
"Plymouth,",328,1278,198.0,1759.0,101.0,101.0,182,40,0
"N.C.,",526,1278,115.0,198.0,399.0,101.0,98,35,0
modernization,641,1278,275.0,115.0,399.0,101.0,259,29,0
are,916,1278,67.0,275.0,399.0,101.0,50,19,0
scheduled,983,1278,190.0,67.0,399.0,101.0,174,30,0
to,1173,1278,49.0,190.0,399.0,101.0,33,21,0
start,1222,1278,94.0,49.0,399.0,101.0,78,21,0
up,1316,1278,56.0,94.0,399.0,101.0,40,28,0
during,1372,1278,136.0,56.0,399.0,101.0,117,40,0
"1994,",1508,1278,107.0,136.0,399.0,101.0,90,34,0
including,1615,1278,183.0,107.0,399.0,101.0,168,40,0
the,1798,1278,69.0,183.0,399.0,101.0,53,30,0
rebuilt,1867,1278,132.0,69.0,399.0,101.0,118,30,0
No.,1999,1278,83.0,132.0,399.0,101.0,66,29,0
4,2082,1278,1395.0,83.0,399.0,101.0,19,28,0
SALES,696,1430,144.0,1395.0,399.0,399.0,109,18,1
VOLUMES,840,1430,371.0,144.0,73.0,399.0,174,17,1
1993,1211,1430,152.0,371.0,73.0,399.0,52,17,1
1992,1363,1430,79.0,152.0,73.0,399.0,53,17,1
',1442,1430,71.0,79.0,73.0,399.0,1,11,1
1991,1513,1430,149.0,71.0,73.0,399.0,49,17,1
1990,1662,1430,150.0,149.0,73.0,399.0,54,18,1
1989,1812,1430,1117.0,150.0,73.0,399.0,53,17,1
(Thousands),698,1502,44.0,1117.0,73.0,73.0,163,28,1
Pulp,697,1545,82.0,44.0,44.0,44.0,69,33,1
,779,1545,47.0,82.0,48.0,44.0,32,2,1
air-dry,826,1545,120.0,47.0,48.0,44.0,106,33,1
metric,946,1545,113.0,120.0,48.0,44.0,98,17,1
tons,1059,1545,133.0,113.0,48.0,44.0,63,17,1
"1,886",1192,1545,150.0,133.0,48.0,44.0,75,28,1
"1,238",1342,1545,150.0,150.0,48.0,44.0,74,26,1
"1,433",1492,1545,149.0,150.0,48.0,44.0,72,27,1
"1,194",1641,1545,150.0,149.0,48.0,44.0,76,27,1
"1,116",1791,1545,1097.0,150.0,48.0,44.0,75,26,1
Newsprint,696,1592,177.0,1097.0,48.0,48.0,164,32,1
,873,1592,46.0,177.0,46.0,48.0,32,2,1
metric,919,1592,113.0,46.0,46.0,48.0,98,24,1
tons,1032,1592,185.0,113.0,46.0,48.0,63,18,1
609,1217,1592,151.0,185.0,46.0,48.0,51,23,1
575,1368,1592,148.0,151.0,46.0,48.0,47,22,1
450,1516,1592,150.0,148.0,46.0,48.0,50,22,1
453,1666,1592,149.0,150.0,46.0,48.0,47,22,1
473,1815,1592,1120.0,149.0,46.0,48.0,48,22,1
Paper,696,1638,100.0,1120.0,46.0,46.0,88,32,1
,796,1638,48.0,100.0,44.0,46.0,33,2,1
tons,844,1638,373.0,48.0,44.0,46.0,62,17,1
990,1217,1638,150.0,373.0,44.0,46.0,50,22,1
966,1367,1638,150.0,150.0,44.0,46.0,49,22,1
869,1517,1638,149.0,150.0,44.0,46.0,49,21,1
893,1666,1638,149.0,149.0,44.0,46.0,47,22,1
849,1815,1638,1120.0,149.0,44.0,46.0,51,22,1
Paperboard,696,1682,191.0,1120.0,44.0,44.0,177,34,1
,887,1682,46.0,191.0,46.0,44.0,33,2,1
tons,933,1682,283.0,46.0,46.0,44.0,63,17,1
222,1216,1682,151.0,283.0,46.0,44.0,49,23,1
238,1367,1682,149.0,151.0,46.0,44.0,48,22,1
234,1516,1682,150.0,149.0,46.0,44.0,50,22,1
220,1666,1682,152.0,150.0,46.0,44.0,49,22,1
197,1818,1682,1123.0,152.0,46.0,44.0,46,23,1
Containerboard,696,1728,261.0,1123.0,46.0,46.0,246,25,1
,957,1728,46.0,261.0,46.0,46.0,32,2,1
tons,1003,1728,214.0,46.0,46.0,46.0,62,17,1
290,1217,1728,150.0,214.0,46.0,46.0,50,23,1
318,1367,1728,148.0,150.0,46.0,46.0,48,23,1
418,1515,1728,150.0,148.0,46.0,46.0,50,22,1
444,1665,1728,149.0,150.0,46.0,46.0,51,22,1
497,1814,1728,1119.0,149.0,46.0,46.0,50,23,1
Packaging,696,1774,171.0,1119.0,46.0,46.0,158,34,1
,867,1774,45.0,171.0,46.0,46.0,32,2,1
MSF,912,1774,260.0,45.0,46.0,46.0,73,24,1
"31,386",1172,1774,148.0,260.0,46.0,46.0,95,28,1
"29,414",1320,1774,150.0,148.0,46.0,46.0,97,26,1
"26,525",1470,1774,150.0,150.0,46.0,46.0,94,27,1
"25,022",1620,1774,149.0,150.0,46.0,46.0,93,27,1
"24,560",1769,1774,1074.0,149.0,46.0,46.0,96,26,1
Recycling,696,1820,165.0,1074.0,46.0,46.0,152,34,1
,861,1820,47.0,165.0,46.0,46.0,32,2,1
tons,908,1820,309.0,47.0,46.0,46.0,62,17,1
851,1217,1820,150.0,309.0,46.0,46.0,47,23,1
778,1367,1820,150.0,150.0,46.0,46.0,49,23,1
735,1517,1820,149.0,150.0,46.0,46.0,48,22,1
648,1666,1820,149.0,149.0,46.0,46.0,49,22,1
633,1815,1820,1120.0,149.0,46.0,46.0,48,22,1
Personal,696,1866,148.0,1120.0,46.0,46.0,132,25,1
care,844,1866,77.0,148.0,52.0,46.0,61,15,1
products,921,1866,147.0,77.0,52.0,46.0,132,33,1
,1068,1866,350.0,147.0,52.0,46.0,32,2,1
standard,721,1911,146.0,350.0,52.0,52.0,130,25,1
cases,867,1911,457.0,146.0,418.0,52.0,75,15,1
"17,017",1324,1911,149.0,457.0,418.0,52.0,91,27,1
"14,929",1473,1911,151.0,149.0,418.0,52.0,93,26,1
"11,471",1624,1911,148.0,151.0,418.0,52.0,87,25,1
"12,181",1772,1911,1452.0,148.0,418.0,52.0,89,27,1
uncoated,327,2049,175.0,1452.0,418.0,418.0,158,30,0
free-sheet,502,2049,192.0,175.0,101.0,418.0,177,29,0
paper,694,2049,113.0,192.0,101.0,418.0,97,28,0
machine.,807,2049,174.0,113.0,101.0,418.0,157,30,0
The,981,2049,88.0,174.0,101.0,418.0,71,30,0
rebuilt,1069,2049,133.0,88.0,101.0,418.0,118,30,0
machine,1202,2049,162.0,133.0,101.0,418.0,147,29,0
will,1364,2049,81.0,162.0,101.0,418.0,63,29,0
increase,1445,2049,157.0,81.0,101.0,418.0,141,28,0
"capacity,",1602,2049,170.0,157.0,101.0,418.0,153,38,0
product,1772,2049,153.0,170.0,101.0,418.0,138,39,0
quality,1925,2049,136.0,153.0,101.0,418.0,121,40,0
and,2061,2049,77.0,136.0,101.0,418.0,61,30,0
mix,2138,2049,1815.0,77.0,101.0,418.0,62,28,0
"capabilities,",326,2149,225.0,1815.0,101.0,101.0,209,40,0
while,551,2149,110.0,225.0,100.0,101.0,94,31,0
lowering,661,2149,171.0,110.0,100.0,101.0,156,40,0
costs.,832,2149,112.0,171.0,100.0,101.0,94,21,0
Also,944,2149,91.0,112.0,100.0,101.0,75,30,0
part,1035,2149,85.0,91.0,100.0,101.0,70,31,0
of,1120,2149,48.0,85.0,100.0,101.0,37,30,0
the,1168,2149,70.0,48.0,100.0,101.0,53,30,0
Plymouth,1238,2149,189.0,70.0,100.0,101.0,173,41,0
project,1427,2149,139.0,189.0,100.0,101.0,124,38,0
is,1566,2149,40.0,139.0,100.0,101.0,24,28,0
a,1606,2149,31.0,40.0,100.0,101.0,15,18,0
rebuild,1637,2149,141.0,31.0,100.0,101.0,125,30,0
of,1778,2149,48.0,141.0,100.0,101.0,37,30,0
the,1826,2149,69.0,48.0,100.0,101.0,54,30,0
No.,1895,2149,87.0,69.0,100.0,101.0,66,29,0
1,1982,2149,29.0,87.0,100.0,101.0,10,27,0
linerboard,2011,2149,1688.0,29.0,100.0,101.0,185,30,0
"machine,",326,2249,174.0,1688.0,100.0,100.0,158,36,0
which,500,2249,119.0,174.0,101.0,100.0,105,30,0
will,619,2249,80.0,119.0,101.0,100.0,63,30,0
be,699,2249,54.0,80.0,101.0,100.0,38,30,0
the,753,2249,70.0,54.0,101.0,100.0,53,30,0
first,823,2249,85.0,70.0,101.0,100.0,70,30,0
Weyerhaeuser,908,2249,271.0,85.0,101.0,100.0,256,40,0
linerboard,1179,2249,201.0,271.0,101.0,100.0,185,31,0
machine,1380,2249,164.0,201.0,101.0,100.0,147,30,0
to,1544,2249,48.0,164.0,101.0,100.0,32,20,0
use,1592,2249,74.0,48.0,101.0,100.0,54,18,0
100,1666,2249,74.0,74.0,101.0,100.0,58,28,0
percent,1740,2249,148.0,74.0,101.0,100.0,133,31,0
recycled,1888,2249,163.0,148.0,101.0,100.0,146,36,0
furnish.,2051,2249,1727.0,163.0,101.0,100.0,134,30,0
>,327,2349,45.0,1727.0,101.0,101.0,17,16,0
Containerboard,372,2349,299.0,45.0,100.0,101.0,282,31,0
prices,671,2349,119.0,299.0,100.0,101.0,102,38,0
deteriorated,790,2349,233.0,119.0,100.0,101.0,217,30,0
during,1023,2349,136.0,233.0,100.0,101.0,117,40,0
"1993,",1159,2349,108.0,136.0,100.0,101.0,90,34,0
forcing,1267,2349,142.0,108.0,100.0,101.0,127,41,0
many,1409,2349,109.0,142.0,100.0,101.0,94,28,0
of,1518,2349,48.0,109.0,100.0,101.0,37,29,0
our,1566,2349,74.0,48.0,100.0,101.0,59,18,0
competitors,1640,2349,228.0,74.0,100.0,101.0,211,38,0
to,1868,2349,49.0,228.0,100.0,101.0,33,21,0
take,1917,2349,86.0,49.0,100.0,101.0,70,30,0
market-,2003,2349,1679.0,86.0,100.0,101.0,138,30,0
related,327,2449,137.0,1679.0,100.0,100.0,120,30,0
containerboard,464,2449,286.0,137.0,101.0,100.0,270,31,0
mill,750,2449,84.0,286.0,101.0,100.0,66,29,0
downtime.,834,2449,215.0,84.0,101.0,100.0,185,30,0
Board,1049,2449,120.0,215.0,101.0,100.0,103,30,0
and,1169,2449,76.0,120.0,101.0,100.0,60,30,0
box,1245,2449,77.0,76.0,101.0,100.0,62,31,0
prices,1322,2449,118.0,77.0,101.0,100.0,102,38,0
began,1440,2449,119.0,118.0,101.0,100.0,102,40,0
to,1559,2449,49.0,119.0,101.0,100.0,33,21,0
strengthen,1608,2449,205.0,49.0,101.0,100.0,189,40,0
in,1813,2449,48.0,205.0,101.0,100.0,32,27,0
the,1861,2449,70.0,48.0,101.0,100.0,53,30,0
fourth,1931,2449,126.0,70.0,101.0,100.0,108,30,0
"quarter,",2057,2449,1733.0,126.0,101.0,100.0,139,31,0
continuing,327,2550,207.0,1733.0,101.0,101.0,193,38,0
into,534,2550,86.0,207.0,99.0,101.0,69,28,0
early,620,2550,103.0,86.0,99.0,101.0,84,40,0
1994.,723,2550,119.0,103.0,99.0,101.0,91,28,0
The,842,2550,88.0,119.0,99.0,101.0,72,30,0
outlook,930,2550,150.0,88.0,99.0,101.0,137,30,0
is,1080,2550,41.0,150.0,99.0,101.0,25,28,0
for,1121,2550,65.0,41.0,99.0,101.0,50,30,0
improved,1186,2550,183.0,65.0,99.0,101.0,167,39,0
business,1369,2550,162.0,183.0,99.0,101.0,145,29,0
conditions,1531,2550,201.0,162.0,99.0,101.0,185,30,0
in,1732,2550,51.0,201.0,99.0,101.0,32,27,0
1994,1783,2550,97.0,51.0,99.0,101.0,81,29,0
as,1880,2550,45.0,97.0,99.0,101.0,30,18,0
we,1925,2550,62.0,45.0,99.0,101.0,45,18,0
continue,1987,2550,170.0,62.0,99.0,101.0,154,28,0
to,2157,2550,1833.0,170.0,99.0,101.0,33,21,0
concentrate,327,2649,224.0,1833.0,99.0,99.0,207,21,0
on,551,2649,58.0,224.0,100.0,99.0,40,18,0
the,609,2649,69.0,58.0,100.0,99.0,53,30,0
development,678,2649,244.0,69.0,100.0,99.0,229,39,0
of,922,2649,49.0,244.0,100.0,99.0,37,30,0
key,971,2649,73.0,49.0,100.0,99.0,58,40,0
customer,1044,2649,178.0,73.0,100.0,99.0,162,21,0
partnerships.,1222,2649,259.0,178.0,100.0,99.0,229,40,0
>,1481,2649,45.0,259.0,100.0,99.0,17,16,0
Major,1526,2649,122.0,45.0,100.0,99.0,107,38,0
factors,1648,2649,134.0,122.0,100.0,99.0,118,30,0
affecting,1782,2649,170.0,134.0,100.0,99.0,155,39,0
the,1952,2649,70.0,170.0,100.0,99.0,53,30,0
Fine,2022,2649,94.0,70.0,100.0,99.0,76,29,0
Paper,2116,2649,1792.0,94.0,100.0,99.0,100,39,0
business,327,2749,161.0,1792.0,100.0,100.0,145,30,0
in,488,2749,51.0,161.0,1053.0,100.0,32,28,0
1993,539,2749,95.0,51.0,1053.0,100.0,77,29,0
were,634,2749,99.0,95.0,1053.0,100.0,82,18,0
industry,733,2749,161.0,99.0,1053.0,100.0,145,40,0
overcapacity,894,2749,237.0,161.0,1053.0,100.0,221,39,0
in,1131,2749,47.0,237.0,1053.0,100.0,30,28,0
the,1178,2749,69.0,47.0,1053.0,100.0,54,30,0
uncoated,1247,2749,177.0,69.0,1053.0,100.0,160,30,0
free-sheet,1424,2749,193.0,177.0,1053.0,100.0,178,30,0
market,1617,2749,137.0,193.0,1053.0,100.0,122,30,0
and,1754,2749,77.0,137.0,1053.0,100.0,61,30,0
the,1831,2749,70.0,77.0,1053.0,100.0,53,30,0
slow,1901,2749,92.0,70.0,1053.0,100.0,77,30,0
pace,1993,2749,92.0,92.0,1053.0,100.0,76,28,0
of,2085,2749,934.0,92.0,1053.0,100.0,37,30,0
28,1273,3210,0,934.0,1053.0,1053.0,27,19,0
