word,x,y,x+1 dist,x-1 dist,y+1 dist,y-1 dist,width,height,table
WASTE,962,373,91.0,0,50.0,0,73,22,0
TREATMENT,1053,373,154.0,91.0,50.0,0,136,23,1
DATA,1207,373,77.0,154.0,50.0,0,58,22,0
SHEET,1284,373,92.0,77.0,50.0,0,73,21,1
NO.,1376,373,62.0,92.0,50.0,0,38,22,1
7.,1438,373,64.0,62.0,50.0,0,22,21,1
(Page,1502,373,90.0,64.0,50.0,0,70,28,0
1,1592,373,29.0,90.0,50.0,0,7,21,0
of,1621,373,46.0,29.0,50.0,0,28,21,1
2),1667,373,708.0,46.0,50.0,0,25,27,0
Waste,961,422,92.0,708.0,50.0,50.0,73,20,1
Type:,1053,422,124.0,92.0,31.0,50.0,70,25,0
FRP,1177,422,61.0,124.0,31.0,50.0,42,21,1
Combustible,1238,422,183.0,61.0,31.0,50.0,165,22,0
and,1421,422,62.0,183.0,31.0,50.0,43,22,1
Compactable,1483,422,184.0,62.0,31.0,50.0,165,26,0
Waste,1667,422,707.0,184.0,31.0,50.0,73,21,1
Alternative:,961,453,216.0,707.0,31.0,31.0,177,22,0
Package,1177,453,121.0,216.0,31.0,31.0,103,26,1
without,1298,453,123.0,121.0,31.0,31.0,105,22,0
"Treatment,",1421,453,169.0,123.0,31.0,31.0,149,24,1
except,1590,453,110.0,169.0,31.0,31.0,89,25,1
Incinerate,1700,453,167.0,110.0,31.0,31.0,147,21,1
Degraded,1867,453,139.0,167.0,31.0,31.0,118,27,0
Extractant,2006,453,1045.0,139.0,31.0,31.0,149,21,0
Fuel,962,483,76.0,1045.0,31.0,31.0,54,21,1
Cycles:,1038,483,138.0,76.0,351.0,31.0,101,27,0
Case,1176,483,78.0,138.0,351.0,31.0,59,21,1
2a,1254,483,636.0,78.0,351.0,31.0,26,21,0
Isotopic,627,586,136.0,636.0,351.0,351.0,117,27,0
Contenj,763,586,125.0,136.0,143.0,351.0,103,30,0
in,888,586,168.0,125.0,143.0,351.0,25,21,1
Isotopic,1056,586,135.0,168.0,143.0,351.0,117,27,0
Release,1191,586,276.0,135.0,143.0,351.0,106,22,0
Waste,1467,586,93.0,276.0,143.0,351.0,75,22,0
Volume,1560,586,1075.0,93.0,143.0,351.0,89,23,1
Waste,486,609,138.0,1075.0,143.0,143.0,74,22,0
"Waste,",624,609,108.0,138.0,44.0,143.0,86,25,1
Fraction14),732,609,184.0,108.0,44.0,143.0,162,32,0
of,916,609,138.0,184.0,44.0,143.0,28,22,1
During,1054,609,107.0,138.0,44.0,143.0,89,27,0
"Treatment,",1161,609,261.0,107.0,44.0,143.0,147,26,1
Untreated,1422,609,169.0,261.0,44.0,143.0,134,23,0
Packaged,1591,609,245.0,169.0,44.0,143.0,119,27,1
Container,1836,609,356.0,245.0,44.0,143.0,135,22,1
Containers,2192,609,169.0,356.0,44.0,143.0,150,22,1
per,2361,609,60.0,169.0,44.0,143.0,43,22,0
MTHM,2421,609,79.0,60.0,44.0,143.0,60,22,0
by,2500,609,46.0,79.0,44.0,143.0,28,27,1
Surface,2546,609,122.0,46.0,44.0,143.0,104,22,0
Dose,2668,609,77.0,122.0,44.0,143.0,59,22,1
Class,2745,609,2291.0,77.0,44.0,143.0,74,22,0
Component,455,640,170.0,2291.0,44.0,44.0,135,25,1
Spent,625,640,91.0,170.0,68.0,44.0,73,27,0
Fuel,716,640,79.0,91.0,68.0,44.0,55,22,1
Inventory(b),795,640,212.0,79.0,68.0,44.0,176,36,0
Fraction,1007,640,139.0,212.0,68.0,44.0,120,23,1
to,1146,640,44.0,139.0,68.0,44.0,27,21,0
Atmosphere(c),1190,640,229.0,44.0,68.0,44.0,195,36,1
per,1419,640,63.0,229.0,68.0,44.0,45,24,0
MTHM,1482,640,106.0,63.0,68.0,44.0,59,21,1
per,1588,640,62.0,106.0,68.0,44.0,46,23,1
MTHM,1650,640,170.0,62.0,68.0,44.0,60,22,1
Type,1820,640,201.0,170.0,68.0,44.0,59,27,0
Volume,2021,640,138.0,201.0,68.0,44.0,88,23,0
<0.2,2159,640,77.0,138.0,68.0,44.0,60,22,1
R/hr,2236,640,108.0,77.0,68.0,44.0,60,25,0
0.2-1,2344,640,92.0,108.0,68.0,44.0,69,23,1
R/hr,2436,640,109.0,92.0,68.0,44.0,60,24,0
1-10,2545,640,76.0,109.0,68.0,44.0,58,23,1
R/hr,2621,640,109.0,76.0,68.0,44.0,60,25,0
>10,2730,640,60.0,109.0,68.0,44.0,43,23,1
R/hr,2790,640,2334.0,60.0,68.0,44.0,60,25,0
LLW,457,707,168.0,2334.0,68.0,68.0,43,22,1
Fission,625,707,123.0,168.0,646.0,68.0,104,22,1
Products,748,707,260.0,123.0,646.0,68.0,118,22,0
All,1008,707,123.0,260.0,646.0,68.0,39,21,1
3,1131,707,62.0,123.0,646.0,68.0,12,21,1
10-14,1193,707,231.0,62.0,646.0,68.0,72,37,1
1.2,1424,707,59.0,231.0,646.0,68.0,40,23,0
m3,1483,707,113.0,59.0,646.0,68.0,28,35,0
1.26,1596,707,88.0,113.0,646.0,68.0,53,22,0
3,1684,707,77.0,88.0,646.0,68.0,11,21,1
55,1761,707,46.0,77.0,646.0,68.0,25,22,1
gal,1807,707,61.0,46.0,646.0,68.0,39,27,1
drum,1868,707,128.0,61.0,646.0,68.0,59,22,1
0.21,1996,707,93.0,128.0,646.0,68.0,53,24,1
3,2089,707,123.0,93.0,646.0,68.0,11,22,1
6.0,2212,707,1111.0,123.0,646.0,68.0,43,23,0
=,1102,728,60.0,1111.0,646.0,646.0,10,7,0
x,1162,728,506.0,60.0,417.0,646.0,11,15,0
m,1668,728,404.0,506.0,417.0,646.0,14,15,1
m,2072,728,1386.0,404.0,417.0,646.0,14,15,0
3,687,757,15.0,1386.0,417.0,417.0,11,22,1
H=0,702,757,57.0,15.0,50.0,417.0,104,22,0
85,670,804,31.0,57.0,50.0,50.0,27,22,1
Kr,701,804,92.0,31.0,50.0,50.0,28,21,0
0,793,804,145.0,92.0,50.0,50.0,13,22,1
129,657,852,46.0,145.0,50.0,50.0,41,22,0
I,703,852,60.0,46.0,47.0,50.0,8,21,1
=0,763,852,118.0,60.0,47.0,50.0,42,21,0
Others,655,898,143.0,118.0,47.0,47.0,88,22,1
1,798,898,58.0,143.0,112.0,47.0,7,22,1
10-9,856,898,95.0,58.0,112.0,47.0,57,37,1
=,764,919,61.0,95.0,112.0,112.0,11,8,1
x,825,919,206.0,61.0,147.0,112.0,11,15,1
Actinides,623,959,45.0,206.0,147.0,147.0,136,23,0
All,655,990,146.0,45.0,45.0,45.0,39,23,0
1,801,990,53.0,146.0,172.0,45.0,6,21,1
10,854,990,32.0,53.0,172.0,45.0,27,23,1
-9,886,990,65.0,32.0,172.0,45.0,27,21,0
x,825,1012,368.0,65.0,172.0,172.0,11,14,0
ILW,458,1035,166.0,368.0,368.0,368.0,41,22,0
Fission,624,1035,123.0,166.0,644.0,368.0,104,23,1
Products,747,1035,260.0,123.0,644.0,368.0,119,22,0
All,1007,1035,123.0,260.0,644.0,368.0,39,21,0
6,1130,1035,62.0,123.0,644.0,368.0,12,21,0
10,1192,1035,31.0,62.0,644.0,368.0,27,22,0
-15,1223,1035,199.0,31.0,644.0,368.0,41,22,1
0.041,1422,1035,92.0,199.0,644.0,368.0,67,22,0
m3,1514,1035,77.0,92.0,644.0,368.0,27,35,1
0.044,1591,1035,91.0,77.0,644.0,368.0,73,22,1
m3,1682,1035,63.0,91.0,644.0,368.0,28,35,1
55,1745,1035,46.0,63.0,644.0,368.0,26,21,1
gal,1791,1035,61.0,46.0,644.0,368.0,39,27,1
drum,1852,1035,144.0,61.0,644.0,368.0,59,21,0
0.21,1996,1035,93.0,144.0,644.0,368.0,54,21,0
3,2089,1035,989.0,93.0,644.0,368.0,12,21,0
=,1101,1056,61.0,989.0,644.0,644.0,11,8,1
x,1162,1056,910.0,61.0,642.0,644.0,10,14,1
m,2072,1056,308.0,910.0,642.0,644.0,14,15,1
0.208,2380,1056,1921.0,308.0,642.0,644.0,74,22,1
(low,460,1081,227.0,1921.0,642.0,642.0,56,27,1
3,687,1081,15.0,227.0,213.0,642.0,12,22,1
H,702,1081,93.0,15.0,213.0,642.0,12,20,0
5.0,795,1081,91.0,93.0,213.0,642.0,41,21,0
10,886,1081,31.0,91.0,213.0,642.0,27,22,1
-8,917,1081,248.0,31.0,213.0,642.0,27,22,1
85,671,1104,94.0,248.0,213.0,213.0,26,22,1
=,765,1104,91.0,94.0,215.0,213.0,11,8,1
x,856,1104,399.0,91.0,215.0,213.0,11,15,1
activity,458,1128,243.0,399.0,215.0,215.0,119,27,0
Kr,701,1128,63.0,243.0,31.0,215.0,29,21,1
=,764,1128,30.0,63.0,31.0,215.0,11,8,0
0,794,1128,340.0,30.0,31.0,215.0,13,22,0
fraction),456,1158,199.0,340.0,31.0,31.0,132,27,1
29,655,1158,216.0,199.0,236.0,31.0,28,21,1
-7,871,1158,185.0,216.0,236.0,31.0,26,21,1
I,689,1189,60.0,185.0,236.0,236.0,6,21,0
=,749,1189,29.0,60.0,48.0,236.0,10,7,1
6,778,1189,32.0,29.0,48.0,236.0,12,22,0
x,810,1189,30.0,32.0,48.0,236.0,11,15,1
10,840,1189,189.0,30.0,48.0,236.0,26,22,0
Others,654,1221,140.0,189.0,48.0,48.0,89,22,0
1,794,1221,61.0,140.0,113.0,48.0,7,22,0
10,855,1221,31.0,61.0,113.0,48.0,26,22,1
-8,886,1221,124.0,31.0,113.0,48.0,27,22,1
=,764,1243,61.0,124.0,113.0,113.0,10,8,1
x,825,1243,205.0,61.0,146.0,113.0,11,14,1
Actinides,624,1282,46.0,205.0,146.0,146.0,135,23,1
"U,",656,1314,46.0,46.0,46.0,46.0,24,26,1
Pu,702,1314,91.0,46.0,110.0,46.0,27,21,0
6,793,1314,62.0,91.0,110.0,46.0,12,21,1
10-8,855,1314,95.0,62.0,110.0,46.0,58,37,1
=,763,1336,62.0,95.0,110.0,110.0,11,8,0
x,825,1336,172.0,62.0,111.0,110.0,11,15,0
Others,655,1360,138.0,172.0,111.0,111.0,90,22,0
8,793,1360,63.0,138.0,112.0,111.0,13,21,0
10,856,1360,30.0,63.0,112.0,111.0,25,22,0
-8,886,1360,124.0,30.0,112.0,111.0,27,21,1
=,764,1382,61.0,124.0,112.0,112.0,11,8,1
x,825,1382,205.0,61.0,146.0,112.0,11,14,1
Activation,624,1421,169.0,205.0,146.0,146.0,150,23,0
Products,793,1421,142.0,169.0,44.0,146.0,119,21,1
All,655,1452,142.0,142.0,44.0,44.0,39,23,1
1,797,1452,58.0,142.0,173.0,44.0,8,21,1
10-6,855,1452,37.0,58.0,173.0,44.0,57,38,1
x,826,1474,368.0,37.0,173.0,173.0,11,15,1
ILW,459,1497,166.0,368.0,368.0,368.0,40,21,1
Fission,625,1497,123.0,166.0,644.0,368.0,103,22,0
Products,748,1497,260.0,123.0,644.0,368.0,118,22,0
All,1008,1497,123.0,260.0,644.0,368.0,39,21,1
6,1131,1497,62.0,123.0,644.0,368.0,11,21,1
10,1193,1497,31.0,62.0,644.0,368.0,26,22,1
-15,1224,1497,199.0,31.0,644.0,368.0,41,21,0
0.639,1423,1497,108.0,199.0,644.0,368.0,74,22,1
3,1531,1497,61.0,108.0,644.0,368.0,11,21,1
0.680,1592,1497,109.0,61.0,644.0,368.0,73,22,1
3,1701,1497,45.0,109.0,644.0,368.0,10,21,1
55,1746,1497,47.0,45.0,644.0,368.0,26,21,1
gal,1793,1497,61.0,47.0,644.0,368.0,38,27,0
drum,1854,1497,143.0,61.0,644.0,368.0,59,21,0
0.21,1997,1497,93.0,143.0,644.0,368.0,54,23,1
3,2090,1497,989.0,93.0,644.0,368.0,11,21,1
=,1102,1517,61.0,989.0,644.0,644.0,10,8,0
x,1163,1517,352.0,61.0,643.0,644.0,11,14,0
m,1515,1517,169.0,352.0,643.0,644.0,14,14,0
m,1684,1517,389.0,169.0,643.0,644.0,14,15,1
m,2073,1517,539.0,389.0,643.0,644.0,14,15,0
3.24,2612,1517,2153.0,539.0,643.0,644.0,57,22,0
(high,460,1544,227.0,2153.0,643.0,643.0,69,28,1
3,687,1544,15.0,227.0,305.0,643.0,11,21,1
H,702,1544,92.0,15.0,305.0,643.0,12,20,0
7,794,1544,62.0,92.0,305.0,643.0,11,20,0
10,856,1544,30.0,62.0,305.0,643.0,26,22,0
-7,886,1544,124.0,30.0,305.0,643.0,26,21,1
=,764,1566,61.0,124.0,305.0,305.0,11,8,0
x,825,1566,369.0,61.0,309.0,305.0,11,15,1
activity,457,1591,213.0,369.0,309.0,309.0,120,27,0
85,670,1591,31.0,213.0,23.0,309.0,27,23,0
Kr,701,1591,92.0,31.0,23.0,309.0,29,20,0
0,793,1591,338.0,92.0,23.0,309.0,13,22,1
fraction),456,1613,308.0,338.0,23.0,23.0,131,28,0
=,764,1613,112.0,308.0,204.0,23.0,11,8,0
129,657,1645,47.0,112.0,204.0,204.0,41,22,0
I,704,1645,96.0,47.0,110.0,204.0,8,21,0
1,800,1645,56.0,96.0,110.0,204.0,7,22,1
10,856,1645,30.0,56.0,110.0,204.0,26,22,0
-5,886,1645,124.0,30.0,110.0,204.0,26,21,1
=,764,1666,61.0,124.0,110.0,110.0,12,8,0
x,825,1666,173.0,61.0,113.0,110.0,12,14,0
Others,655,1693,139.0,173.0,113.0,113.0,88,22,0
1.2,794,1693,93.0,139.0,112.0,113.0,42,22,0
10-6,887,1693,124.0,93.0,112.0,113.0,57,36,0
=,765,1714,92.0,124.0,112.0,112.0,11,8,0
x,857,1714,237.0,92.0,147.0,112.0,10,15,1
Actinides,624,1754,44.0,237.0,147.0,147.0,135,22,1
U,655,1785,30.0,44.0,44.0,44.0,12,20,0
&,685,1785,32.0,30.0,112.0,44.0,13,22,1
Pu,717,1785,84.0,32.0,112.0,44.0,27,22,0
1,801,1785,56.0,84.0,112.0,44.0,7,22,0
10-6,857,1785,96.0,56.0,112.0,44.0,56,39,1
=,764,1807,61.0,96.0,112.0,112.0,10,7,1
x,825,1807,172.0,61.0,112.0,112.0,11,15,1
Others,655,1832,144.0,172.0,112.0,112.0,89,22,1
1.2,799,1832,87.0,144.0,112.0,112.0,36,22,0
10-6,886,1832,124.0,87.0,112.0,112.0,57,36,0
=,764,1853,93.0,124.0,112.0,112.0,11,8,0
x,857,1853,239.0,93.0,150.0,112.0,11,15,1
Activation,625,1908,169.0,239.0,150.0,150.0,150,22,1
Products,794,1908,173.0,169.0,32.0,150.0,119,21,0
All,625,1940,264.0,173.0,32.0,32.0,39,21,1
1,889,1940,59.0,264.0,294.0,32.0,8,24,0
10,948,1940,31.0,59.0,294.0,32.0,26,23,0
-8,979,1940,65.0,31.0,294.0,32.0,27,21,1
x,918,1961,0,65.0,294.0,294.0,10,15,1
