word,x,y,x+1 dist,x-1 dist,y+1 dist,y-1 dist,width,height,table
Table,366,294,152.0,0,652.0,0,121,35,0
3-27.,518,294,174.0,152.0,652.0,0,112,33,0
Preliminarya,692,294,524.0,174.0,652.0,0,298,54,0
of,1216,294,76.0,524.0,652.0,0,44,34,0
hydrologic,1292,294,276.0,76.0,652.0,0,246,43,0
characteristics,1568,294,398.0,276.0,652.0,0,368,34,0
of,1966,294,75.0,398.0,652.0,0,43,35,0
major,2041,294,151.0,75.0,652.0,0,120,41,0
stratigraphic,2192,294,350.0,151.0,652.0,0,320,43,0
units,2542,294,153.0,350.0,652.0,0,119,32,0
in,2695,294,73.0,153.0,652.0,0,41,32,0
the,2768,294,1752.0,73.0,652.0,0,67,33,0
summary,1017,318,327.0,1752.0,652.0,652.0,169,29,0
vicinity,692,354,225.0,327.0,327.0,327.0,195,41,0
of,917,354,74.0,225.0,488.0,327.0,44,34,0
Yucca,991,354,149.0,74.0,488.0,327.0,123,33,0
Mountain,1140,354,233.0,149.0,488.0,327.0,197,34,0
(page,1373,354,147.0,233.0,488.0,327.0,113,44,0
1,1520,354,46.0,147.0,488.0,327.0,13,31,0
of,1566,354,75.0,46.0,488.0,327.0,44,34,0
2),1641,354,515.0,75.0,488.0,327.0,39,42,0
In,1152,514,61.0,515.0,488.0,488.0,37,28,0
situ,1213,514,105.0,61.0,102.0,488.0,77,27,0
(field),1318,514,156.0,105.0,102.0,488.0,127,37,0
analyses,1474,514,393.0,156.0,102.0,488.0,155,34,0
Transmis-,1090,594,283.0,393.0,102.0,102.0,178,28,0
Average,1373,594,219.0,283.0,223.0,102.0,136,34,0
Well,1592,594,722.0,219.0,223.0,102.0,76,30,0
Saturated,872,637,861.0,722.0,223.0,223.0,176,28,0
Refer-,1733,637,1422.0,861.0,561.0,223.0,114,28,0
Stratigraphic,312,666,340.0,1422.0,561.0,561.0,258,34,0
Typical,652,666,220.0,340.0,1501.0,561.0,136,35,0
t,872,666,240.0,220.0,1501.0,561.0,17,25,0
s,1112,666,701.0,240.0,1501.0,561.0,16,18,0
d,1812,696,1419.0,701.0,1501.0,1501.0,17,28,0
unit,394,721,128.0,1419.0,1419.0,1419.0,76,27,0
Topopah,312,819,281.0,128.0,128.0,128.0,139,36,0
Moderately,593,819,244.0,281.0,58.0,128.0,196,36,0
Spring,353,860,282.0,244.0,58.0,58.0,119,36,0
to,635,860,58.0,282.0,39.0,58.0,36,23,0
densely,693,860,343.0,58.0,39.0,58.0,136,35,0
Member,353,899,280.0,343.0,39.0,39.0,118,28,0
welded,633,899,140.0,280.0,91.0,39.0,118,29,0
tuff,773,899,468.0,140.0,91.0,39.0,76,30,0
Tuff,313,980,82.0,468.0,91.0,91.0,76,29,0
aceous,395,980,200.0,82.0,60.0,91.0,116,19,0
"Zeolitized,",595,980,243.0,200.0,60.0,91.0,211,34,0
beds,356,1021,99.0,243.0,60.0,60.0,75,27,0
of,455,1021,180.0,99.0,41.0,60.0,35,28,0
nonwelded,635,1021,284.0,180.0,41.0,60.0,176,28,0
Calico,354,1061,281.0,284.0,41.0,41.0,118,28,0
"tuff,",635,1061,119.0,281.0,40.0,41.0,91,34,0
vit-,754,1061,402.0,119.0,40.0,41.0,75,27,0
Hills,354,1101,281.0,402.0,40.0,40.0,98,29,0
ric,635,1101,80.0,281.0,77.0,40.0,57,26,0
tuff,715,1101,407.0,80.0,77.0,40.0,74,29,0
Prow,314,1166,100.0,407.0,77.0,77.0,79,28,0
Pass,414,1166,180.0,100.0,58.0,77.0,77,27,0
Nonwelded,594,1166,200.0,180.0,58.0,77.0,177,29,0
to,794,1166,121.0,200.0,58.0,77.0,37,25,0
116,915,1166,180.0,121.0,58.0,77.0,56,26,0
167,1095,1166,0.0,180.0,58.0,77.0,56,28,0
1,1095,1166,282.0,0.0,58.0,77.0,13,26,0
1,1377,1166,0.0,282.0,58.0,77.0,12,27,0
1.44,1377,1166,176.0,0.0,58.0,77.0,75,27,0
USW,1553,1166,82.0,176.0,58.0,77.0,60,27,0
H-1,1635,1166,139.0,82.0,58.0,77.0,54,27,0
2,1774,1166,80.0,139.0,58.0,77.0,17,27,0
6,1854,1166,0.0,80.0,58.0,77.0,18,27,0
6x10,1854,1166,139.0,0.0,58.0,77.0,77,27,0
to,1993,1166,62.0,139.0,58.0,77.0,37,25,0
1x10,2055,1166,77.0,62.0,58.0,77.0,74,27,0
-4,2132,1166,1779.0,77.0,58.0,77.0,29,22,0
Member,354,1207,141.0,1779.0,58.0,58.0,118,28,0
of,495,1207,140.0,141.0,904.0,58.0,36,29,0
moderately,635,1207,281.0,140.0,904.0,58.0,196,35,0
135,916,1207,179.0,281.0,904.0,58.0,56,28,0
150,1095,1207,0.0,179.0,904.0,58.0,57,28,0
1,1095,1207,282.0,0.0,904.0,58.0,13,27,0
1,1377,1207,0.0,282.0,904.0,58.0,13,28,0
1.1,1377,1207,176.0,0.0,904.0,58.0,53,28,0
USW,1553,1207,81.0,176.0,904.0,58.0,60,28,0
H-1,1634,1207,140.0,81.0,904.0,58.0,55,28,0
6,1774,1207,80.0,140.0,904.0,58.0,18,26,0
2,1854,1207,0.0,80.0,904.0,58.0,18,27,0
2x10,1854,1207,139.0,0.0,904.0,58.0,77,27,0
to,1993,1207,61.0,139.0,904.0,58.0,37,24,0
1x10,2054,1207,78.0,61.0,904.0,58.0,75,27,0
-3,2132,1207,876.0,78.0,904.0,58.0,30,22,0
f,1257,1240,219.0,876.0,904.0,904.0,14,28,0
f,1476,1240,458.0,219.0,903.0,904.0,14,29,0
_,1934,1240,1580.0,458.0,903.0,904.0,14,3,0
Crater,355,1261,280.0,1580.0,903.0,903.0,118,27,0
welded,635,1261,141.0,280.0,40.0,903.0,118,28,0
tuff,776,1261,141.0,141.0,40.0,903.0,74,30,0
174,917,1261,177.0,141.0,40.0,903.0,55,27,0
36,1094,1261,0.0,177.0,40.0,903.0,38,28,0
3,1094,1261,62.0,0.0,40.0,903.0,18,27,0
-,1156,1261,40.0,62.0,40.0,903.0,14,4,0
142,1196,1261,138.0,40.0,40.0,903.0,57,27,0
0.2-0.8,1334,1261,220.0,138.0,40.0,903.0,139,28,0
USW,1554,1261,81.0,220.0,40.0,903.0,59,28,0
H-4,1635,1261,139.0,81.0,40.0,903.0,58,28,0
9,1774,1261,80.0,139.0,40.0,903.0,18,27,0
6,1854,1261,0.0,80.0,40.0,903.0,19,27,0
6x10,1854,1261,201.0,0.0,40.0,903.0,78,28,0
lx10,2055,1261,1701.0,201.0,40.0,903.0,75,27,0
Flat,355,1301,101.0,1701.0,40.0,40.0,79,28,0
Tuff,456,1301,461.0,101.0,564.0,40.0,75,28,0
150,917,1301,182.0,461.0,564.0,40.0,56,27,0
(65),1099,1301,0.0,182.0,564.0,40.0,68,36,0
(,1099,1301,276.0,0.0,564.0,40.0,11,34,0
0,1375,1301,0.0,276.0,564.0,40.0,20,27,0
0.4,1375,1301,180.0,0.0,564.0,40.0,58,27,0
UE-25b#1,1555,1301,219.0,180.0,564.0,40.0,154,34,0
4,1774,1301,858.0,219.0,564.0,40.0,18,27,0
111,917,1342,200.0,858.0,564.0,564.0,52,27,0
1,1117,1342,0.0,200.0,605.0,564.0,12,26,0
14,1117,1342,258.0,0.0,605.0,564.0,35,26,0
0,1375,1342,0.0,258.0,605.0,564.0,20,27,0
0.1,1375,1342,180.0,0.0,605.0,564.0,55,27,0
UE-25p#1,1555,1342,220.0,180.0,605.0,564.0,155,35,0
3,1775,1342,1461.0,220.0,605.0,564.0,17,27,0
Bullfrog,316,1408,280.0,1461.0,605.0,605.0,158,35,0
Nonwelded,596,1408,321.0,280.0,480.0,605.0,176,28,0
125,917,1408,216.0,321.0,480.0,605.0,55,27,0
0,1133,1408,0.0,216.0,480.0,605.0,20,26,0
0.8,1133,1408,242.0,0.0,480.0,605.0,59,27,0
0,1375,1408,40.0,242.0,480.0,605.0,20,26,0
006,1415,1408,140.0,40.0,480.0,605.0,58,26,0
USW,1555,1408,81.0,140.0,480.0,605.0,59,27,0
H-1,1636,1408,139.0,81.0,480.0,605.0,53,28,0
6,1775,1408,80.0,139.0,480.0,605.0,17,26,0
3,1855,1408,0.0,80.0,480.0,605.0,17,26,0
3x10,1855,1408,80.0,0.0,480.0,605.0,77,27,0
-6,1935,1408,58.0,80.0,480.0,605.0,31,21,0
to,1993,1408,62.0,58.0,480.0,605.0,37,24,0
1x10,2055,1408,77.0,62.0,480.0,605.0,75,26,0
-3,2132,1408,1338.0,77.0,480.0,605.0,31,21,0
to,795,1428,463.0,1338.0,480.0,480.0,37,24,0
f,1258,1428,144.0,463.0,441.0,480.0,13,29,0
',1402,1428,75.0,144.0,441.0,480.0,5,4,0
f,1477,1428,1123.0,75.0,441.0,480.0,14,27,0
Member,355,1448,281.0,1123.0,441.0,441.0,118,29,0
densely,636,1448,281.0,281.0,42.0,441.0,135,35,0
119,917,1448,177.0,281.0,42.0,441.0,55,27,0
7,1094,1448,461.0,177.0,42.0,441.0,17,26,0
USW,1555,1448,81.0,461.0,42.0,441.0,59,27,0
11-4,1636,1448,138.0,81.0,42.0,441.0,56,27,0
9,1774,1448,81.0,138.0,42.0,441.0,18,26,0
2,1855,1448,0.0,81.0,42.0,441.0,17,26,0
2x10,1855,1448,82.0,0.0,42.0,441.0,77,26,0
-4,1937,1448,57.0,82.0,42.0,441.0,28,22,0
to,1994,1448,61.0,57.0,42.0,441.0,36,23,0
lx10,2055,1448,79.0,61.0,42.0,441.0,74,26,0
-3,2134,1448,1779.0,79.0,42.0,441.0,28,22,0
of,356,1489,60.0,1779.0,42.0,42.0,36,28,0
Crater,416,1489,220.0,60.0,55.0,42.0,116,27,0
welded,636,1489,140.0,220.0,55.0,42.0,116,29,0
tuff,776,1489,142.0,140.0,55.0,42.0,75,30,0
159,918,1489,181.0,142.0,55.0,42.0,54,27,0
(65),1099,1489,0.0,181.0,55.0,42.0,68,36,0
(,1099,1489,276.0,0.0,55.0,42.0,11,35,0
0,1375,1489,0.0,276.0,55.0,42.0,19,27,0
0.4,1375,1489,180.0,0.0,55.0,42.0,57,27,0
UE-25b#1,1555,1489,219.0,180.0,55.0,42.0,154,34,0
4,1774,1489,81.0,219.0,55.0,42.0,17,26,0
2,1855,1489,0.0,81.0,55.0,42.0,17,28,0
2x10,1855,1489,80.0,0.0,55.0,42.0,77,28,0
-4,1935,1489,59.0,80.0,55.0,42.0,30,21,0
to,1994,1489,59.0,59.0,55.0,42.0,36,22,0
5x10,2053,1489,80.0,59.0,55.0,42.0,76,27,0
-4,2133,1489,1778.0,80.0,55.0,42.0,28,21,0
Flat,356,1544,100.0,1778.0,55.0,55.0,78,28,0
Tuff,456,1544,462.0,100.0,249.0,55.0,76,28,0
132,918,1544,182.0,462.0,249.0,55.0,55,26,0
(,1100,1544,0.0,182.0,249.0,55.0,11,36,0
(7),1100,1544,275.0,0.0,249.0,55.0,48,36,0
0.05,1375,1544,0.0,275.0,249.0,55.0,79,27,0
0,1375,1544,179.0,0.0,249.0,55.0,20,26,0
UE-25p#1,1554,1544,222.0,179.0,249.0,55.0,157,34,0
3,1776,1544,1181.0,222.0,249.0,55.0,17,26,0
Nonwelded,597,1606,580.0,1181.0,249.0,249.0,176,29,0
-3,1177,1606,242.0,580.0,282.0,249.0,36,26,0
-6,1419,1606,137.0,242.0,282.0,249.0,35,25,0
USW,1556,1606,80.0,137.0,282.0,249.0,58,27,0
H-1,1636,1606,300.0,80.0,282.0,249.0,55,28,0
-11,1936,1606,1621.0,300.0,282.0,249.0,30,21,0
Tram,316,1626,481.0,1621.0,282.0,282.0,79,28,0
to,797,1626,119.0,481.0,57.0,282.0,37,23,0
284,916,1626,179.0,119.0,57.0,282.0,57,27,0
2x10,1095,1626,0.0,179.0,57.0,282.0,79,27,0
2,1095,1626,242.0,0.0,57.0,282.0,18,26,0
7x10,1337,1626,439.0,242.0,57.0,282.0,78,27,0
6,1776,1626,80.0,439.0,57.0,282.0,17,26,0
4,1856,1626,1501.0,80.0,57.0,282.0,17,25,0
Member,356,1666,281.0,1501.0,57.0,57.0,119,28,0
moderately,637,1666,279.0,281.0,41.0,57.0,195,35,0
354,916,1666,218.0,279.0,41.0,57.0,57,26,0
0,1134,1666,0.0,218.0,41.0,57.0,20,26,0
0.7,1134,1666,61.0,0.0,41.0,57.0,58,26,0
276f,1195,1666,180.0,61.0,41.0,57.0,77,48,0
0,1375,1666,0.0,180.0,41.0,57.0,20,27,0
0.002,1375,1666,103.0,0.0,41.0,57.0,99,27,0
f,1478,1666,78.0,103.0,41.0,57.0,14,28,0
USW,1556,1666,80.0,78.0,41.0,57.0,58,26,0
H-3,1636,1666,140.0,80.0,41.0,57.0,58,27,0
8,1776,1666,1419.0,140.0,41.0,57.0,17,26,0
of,358,1706,60.0,1419.0,41.0,41.0,35,28,0
Crater,418,1706,219.0,60.0,40.0,41.0,115,27,0
welded,637,1706,139.0,219.0,40.0,41.0,115,28,0
ash-,776,1706,140.0,139.0,40.0,41.0,75,28,0
352,916,1706,179.0,140.0,40.0,41.0,57,27,0
7,1095,1706,0.0,179.0,40.0,41.0,17,26,0
70,1095,1706,62.0,0.0,40.0,41.0,38,26,0
-,1157,1706,178.0,62.0,40.0,41.0,13,3,0
0.2-0.8,1335,1706,0.0,178.0,40.0,41.0,139,28,0
0,1335,1706,221.0,0.0,40.0,41.0,20,26,0
USW,1556,1706,81.0,221.0,40.0,41.0,59,27,0
H-4,1637,1706,138.0,81.0,40.0,41.0,55,28,0
9,1775,1706,1419.0,138.0,40.0,41.0,18,26,0
Flat,357,1745,100.0,1419.0,40.0,40.0,78,28,0
Tuff,457,1745,182.0,100.0,285.0,40.0,75,28,0
flow,639,1745,98.0,182.0,285.0,40.0,76,28,0
and,737,1745,181.0,98.0,285.0,40.0,55,28,0
183,918,1745,202.0,181.0,285.0,40.0,55,27,0
(,1120,1745,0.0,202.0,285.0,40.0,10,36,0
(3.3),1120,1745,255.0,0.0,285.0,40.0,87,36,0
0,1375,1745,0.0,255.0,285.0,40.0,19,26,0
0.02,1375,1745,180.0,0.0,285.0,40.0,79,26,0
UE-25p#1,1555,1745,220.0,180.0,285.0,40.0,154,35,0
3,1775,1745,1138.0,220.0,285.0,40.0,18,26,0
bedded,638,1787,41.0,1138.0,285.0,285.0,115,28,0
tuffs,639,1827,75.0,41.0,41.0,41.0,95,29,0
Partially,597,1889,822.0,75.0,75.0,75.0,176,34,0
-6,1419,1889,1102.0,822.0,280.0,75.0,35,26,0
Lithic,318,1909,141.0,1102.0,280.0,280.0,118,28,0
Ridge,459,1909,181.0,141.0,321.0,280.0,95,34,0
welded,638,1929,140.0,181.0,321.0,321.0,116,28,0
ash-,778,1929,641.0,140.0,282.0,321.0,74,28,0
-3,1419,1929,137.0,641.0,282.0,321.0,35,26,0
USW,1556,1929,1200.0,137.0,282.0,321.0,59,27,0
Tuff,357,1949,102.0,1200.0,282.0,282.0,77,27,0
and,459,1949,460.0,102.0,39.0,282.0,56,27,0
110,919,1949,215.0,460.0,39.0,282.0,56,26,0
0,1134,1949,0.0,215.0,39.0,282.0,21,25,0
0.1,1134,1949,205.0,0.0,39.0,282.0,56,26,0
l,1339,1949,298.0,205.0,39.0,282.0,13,26,0
11-3,1637,1949,139.0,298.0,39.0,282.0,57,27,0
8,1776,1949,1418.0,139.0,39.0,282.0,18,26,0
older,359,1987,280.0,1418.0,39.0,39.0,96,28,0
fall,639,1987,99.0,280.0,41.0,39.0,73,28,0
tuffs,738,1987,179.0,99.0,41.0,39.0,96,28,0
371,917,1987,180.0,179.0,41.0,39.0,53,27,0
>10,1097,1987,0.0,180.0,41.0,39.0,58,30,0
>,1097,1987,262.0,0.0,41.0,39.0,15,26,0
>0.03,1359,1987,0.0,262.0,41.0,39.0,95,30,0
>,1359,1987,196.0,0.0,41.0,39.0,14,25,0
UE-25p#1,1555,1987,0.0,196.0,41.0,39.0,155,34,0
U,1555,1987,221.0,0.0,41.0,39.0,20,27,0
3,1776,1987,1418.0,221.0,41.0,39.0,17,26,0
tuffs,359,2028,0,1418.0,41.0,41.0,96,28,0
