word,x,y,x+1 dist,x-1 dist,y+1 dist,y-1 dist,width,height,table
TABLE,1226,269,150.0,0,523.0,0,121,29,0
6-3,1376,269,671.0,150.0,523.0,0,68,30,1
SUMMARY,713,370,200.0,671.0,523.0,523.0,172,29,0
OF,913,370,75.0,200.0,270.0,523.0,47,29,1
POTENTIAL,988,370,249.0,75.0,270.0,523.0,222,29,0
ACCIDENTS,1237,370,249.0,249.0,270.0,523.0,220,29,1
BEING,1486,370,153.0,249.0,270.0,523.0,124,29,0
CONSIDERED,1639,370,275.0,153.0,270.0,523.0,248,28,1
AS,1914,370,938.0,275.0,270.0,523.0,46,28,0
FUTURE,978,421,175.0,938.0,270.0,270.0,146,28,1
DESIGN-BASIS,1153,421,322.0,175.0,325.0,270.0,293,29,1
ACCIDENTS,1475,421,211.0,322.0,325.0,270.0,224,29,1
Events,1288,517,177.0,211.0,325.0,325.0,144,29,1
in,1465,517,72.0,177.0,726.0,325.0,44,32,1
the,1537,517,101.0,72.0,726.0,325.0,73,29,1
Facility,1638,517,227.0,101.0,726.0,325.0,200,39,1
That,1865,517,124.0,227.0,726.0,325.0,97,30,0
May,1989,517,100.0,124.0,726.0,325.0,74,36,0
Result,2089,517,1526.0,100.0,726.0,325.0,147,30,1
Initiating,564,566,275.0,1526.0,726.0,726.0,245,37,0
Events,839,566,599.0,275.0,103.0,726.0,145,29,0
from,1438,566,126.0,599.0,103.0,726.0,98,31,0
the,1564,566,101.0,126.0,103.0,726.0,71,29,0
Initiating,1665,566,276.0,101.0,103.0,726.0,246,36,0
Event*,1941,566,1408.0,276.0,103.0,726.0,145,29,1
Natural,537,665,200.0,1408.0,103.0,103.0,171,30,1
Phenomena,737,665,556.0,200.0,827.0,103.0,224,30,0
,1293,665,70.0,556.0,827.0,103.0,12,12,0
Cask,1363,665,124.0,70.0,827.0,103.0,97,30,1
drop,1487,665,129.0,124.0,827.0,103.0,97,36,0
in,1616,665,73.0,129.0,827.0,103.0,46,32,0
receiving,1689,665,251.0,73.0,827.0,103.0,224,39,0
bay,1940,665,101.0,251.0,827.0,103.0,73,37,1
or,2041,665,75.0,101.0,827.0,103.0,46,22,0
cask,2116,665,756.0,75.0,827.0,103.0,97,29,0
preparation,1362,716,303.0,756.0,827.0,827.0,275,39,0
area,1665,716,1253.0,303.0,950.0,827.0,98,22,1
Earthquake,414,768,47.0,1253.0,950.0,950.0,245,36,0
Flood,414,815,880.0,47.0,47.0,47.0,121,30,0
,1294,815,68.0,880.0,52.0,47.0,11,12,1
Fuel,1362,815,127.0,68.0,52.0,47.0,97,30,1
assembly,1489,815,226.0,127.0,52.0,47.0,198,38,1
drop,1715,815,129.0,226.0,52.0,47.0,96,36,1
in,1844,815,74.0,129.0,52.0,47.0,45,31,1
cask-,1918,815,1504.0,74.0,52.0,47.0,119,30,1
Extreme,415,866,196.0,1504.0,52.0,52.0,171,28,1
Wind,611,866,750.0,196.0,50.0,52.0,99,32,0
unloading,1361,866,252.0,750.0,50.0,52.0,224,38,1
hot,1613,866,103.0,252.0,50.0,52.0,74,30,1
cell,1716,866,126.0,103.0,50.0,52.0,96,30,1
or,1842,866,76.0,126.0,50.0,52.0,47,23,1
consoli-,1918,866,1504.0,76.0,50.0,52.0,194,31,1
Tornado,415,916,203.0,1504.0,50.0,50.0,170,30,1
(including,618,916,269.0,203.0,885.0,50.0,243,38,0
missiles),887,916,476.0,269.0,885.0,50.0,220,34,0
dation,1363,916,174.0,476.0,885.0,50.0,147,32,1
hot,1537,916,104.0,174.0,885.0,50.0,73,30,1
cell,1641,916,362.0,104.0,885.0,50.0,94,30,1
,1294,1017,69.0,362.0,885.0,885.0,12,11,0
Runaway,1363,1017,202.0,69.0,786.0,885.0,173,35,0
transporter,1565,1017,305.0,202.0,786.0,885.0,274,37,1
in,1870,1017,72.0,305.0,786.0,885.0,44,30,0
ramp,1942,1017,1431.0,72.0,786.0,885.0,95,30,0
Offsite,515,1117,197.0,1431.0,786.0,786.0,171,31,0
Man-Made,712,1117,229.0,197.0,851.0,786.0,200,30,1
Events,941,1117,353.0,229.0,851.0,786.0,145,29,0
,1294,1117,69.0,353.0,851.0,786.0,12,12,0
Loss,1363,1117,126.0,69.0,851.0,786.0,95,28,0
of,1489,1117,73.0,126.0,851.0,786.0,44,30,1
HVAC,1562,1117,130.0,73.0,851.0,786.0,99,30,1
in,1692,1117,75.0,130.0,851.0,786.0,46,32,1
such,1767,1117,128.0,75.0,851.0,786.0,98,29,1
locations,1895,1117,247.0,128.0,851.0,786.0,216,31,1
as,2142,1117,780.0,247.0,851.0,786.0,44,23,1
"ducts,",1364,1168,175.0,780.0,851.0,851.0,140,36,1
"vault,",1539,1168,177.0,175.0,950.0,851.0,141,36,1
and,1716,1168,102.0,177.0,950.0,851.0,72,31,1
storage,1818,1168,200.0,102.0,950.0,851.0,171,35,1
racks,2018,1168,1603.0,200.0,950.0,851.0,118,30,1
Loss,416,1217,125.0,1603.0,950.0,950.0,95,27,0
of,541,1217,73.0,125.0,70.0,950.0,44,30,0
Offsite,614,1217,202.0,73.0,70.0,950.0,173,32,1
Electrical,816,1217,355.0,202.0,70.0,950.0,247,32,1
Power,465,1266,830.0,355.0,70.0,70.0,122,29,0
,1295,1266,69.0,830.0,73.0,70.0,12,11,1
Detonation,1364,1266,278.0,69.0,73.0,70.0,249,31,0
of,1642,1266,71.0,278.0,73.0,70.0,44,30,0
mining,1713,1266,180.0,71.0,73.0,70.0,151,39,1
explosives,1893,1266,1479.0,180.0,73.0,70.0,244,38,0
Aircraft,415,1318,224.0,1479.0,73.0,73.0,196,31,1
Crash,639,1318,229.0,224.0,47.0,73.0,123,30,1
Underground,415,1365,298.0,229.0,47.0,47.0,271,37,1
Nuclear,713,1365,204.0,298.0,1002.0,47.0,176,29,1
Explosions,917,1365,378.0,204.0,1002.0,47.0,243,39,1
,1295,1365,68.0,378.0,1002.0,47.0,11,12,0
Fires,1363,1365,154.0,68.0,1002.0,47.0,121,32,0
in,1517,1365,74.0,154.0,1002.0,47.0,45,32,1
areas,1591,1365,152.0,74.0,1002.0,47.0,120,22,0
containing,1743,1365,275.0,152.0,1002.0,47.0,246,38,1
combus-,2018,1365,605.0,275.0,1002.0,47.0,170,30,0
tible,1415,1414,147.0,605.0,1002.0,1002.0,122,32,0
materials,1562,1414,1146.0,147.0,999.0,1002.0,225,32,0
In-Plant,418,1463,221.0,1146.0,999.0,999.0,194,30,1
Failures,639,1463,776.0,221.0,947.0,999.0,197,31,1
fire,1415,1463,127.0,776.0,947.0,999.0,97,32,0
in,1542,1463,72.0,127.0,947.0,999.0,46,31,0
waste-handling,1614,1463,377.0,72.0,947.0,999.0,349,39,0
"building,",1991,1463,628.0,377.0,947.0,999.0,215,39,1
-,1364,1483,58.0,628.0,947.0,947.0,21,5,1
waste,1413,1513,153.0,58.0,58.0,58.0,124,28,0
treatment,1566,1513,250.0,153.0,996.0,58.0,223,29,0
"building,",1816,1513,252.0,250.0,996.0,58.0,216,39,1
and,2068,1513,1650.0,252.0,996.0,58.0,70,29,1
Structure,419,1565,994.0,1650.0,996.0,996.0,219,29,1
waste,1413,1565,154.0,994.0,49.0,996.0,124,29,1
emplacement,1567,1565,301.0,154.0,49.0,996.0,272,36,1
area;,1868,1565,1451.0,301.0,49.0,996.0,115,28,1
Equipment,418,1613,947.0,1451.0,49.0,49.0,220,39,1
-,1365,1613,52.0,947.0,51.0,49.0,22,5,1
fire,1417,1613,126.0,52.0,51.0,49.0,96,32,1
in,1543,1613,75.0,126.0,51.0,49.0,47,31,1
contaminated,1618,1613,326.0,75.0,51.0,49.0,297,32,1
air,1944,1613,100.0,326.0,51.0,49.0,71,33,1
filtra-,2044,1613,1628.0,100.0,51.0,49.0,169,32,1
Operator,417,1663,999.0,1628.0,51.0,51.0,197,36,1
tion,1416,1663,126.0,999.0,950.0,51.0,97,32,1
system;,1542,1663,184.0,126.0,950.0,51.0,165,37,0
-,1365,1713,50.0,184.0,950.0,950.0,22,5,0
diesel,1415,1713,177.0,50.0,51.0,950.0,147,32,1
oil,1592,1713,101.0,177.0,51.0,950.0,70,33,0
fire;,1693,1713,150.0,101.0,51.0,950.0,115,37,0
and,1843,1713,480.0,150.0,51.0,950.0,71,30,0
-,1366,1763,51.0,480.0,51.0,51.0,21,5,1
criticality,1417,1763,305.0,51.0,960.0,51.0,272,40,0
(possibly).,1722,1763,1312.0,305.0,960.0,51.0,260,38,1
*Any,419,1915,139.0,1312.0,960.0,960.0,97,36,0
one,558,1915,115.0,139.0,58.0,960.0,71,22,1
of,673,1915,91.0,115.0,58.0,960.0,45,30,0
these,764,1915,165.0,91.0,58.0,960.0,121,29,1
events,929,1915,187.0,165.0,58.0,960.0,145,30,0
may,1116,1915,115.0,187.0,58.0,960.0,74,29,0
be,1231,1915,91.0,115.0,58.0,960.0,48,29,0
caused,1322,1915,187.0,91.0,58.0,960.0,146,30,1
by,1509,1915,94.0,187.0,58.0,960.0,50,36,0
several,1603,1915,216.0,94.0,58.0,960.0,171,30,0
of,1819,1915,89.0,216.0,58.0,960.0,44,30,0
the,1908,1915,112.0,89.0,58.0,960.0,70,30,1
initiating,2020,1915,1576.0,112.0,58.0,960.0,243,39,1
events.,445,1966,221.0,1576.0,58.0,58.0,162,29,0
A,666,1966,52.0,221.0,199.0,58.0,26,29,1
one-to-one,718,1966,278.0,52.0,199.0,58.0,249,29,1
correlation,996,1966,296.0,278.0,199.0,58.0,269,31,1
across,1292,1966,175.0,296.0,199.0,58.0,144,23,1
the,1467,1966,101.0,175.0,199.0,58.0,71,30,1
table,1568,1966,152.0,101.0,199.0,58.0,121,30,1
is,1720,1966,72.0,152.0,199.0,58.0,43,31,1
not,1792,1966,104.0,72.0,199.0,58.0,73,29,1
implied.,1896,1966,1490.0,104.0,199.0,58.0,186,38,1
6.2.2,420,2163,173.0,1490.0,199.0,199.0,118,29,1
Design,593,2163,175.0,173.0,101.0,199.0,147,36,1
of,768,2163,74.0,175.0,101.0,199.0,46,30,0
Mitigating,842,2163,276.0,74.0,101.0,199.0,247,36,0
Features,1118,2163,705.0,276.0,101.0,199.0,193,29,1
6.2.2.1,421,2263,223.0,705.0,101.0,101.0,168,30,0
Introduction,644,2263,143.0,223.0,157.0,101.0,297,32,1
Neither,542,2363,212.0,143.0,157.0,157.0,173,31,1
the,754,2363,112.0,212.0,131.0,157.0,72,29,1
identification,866,2363,378.0,112.0,131.0,157.0,343,33,1
nor,1244,2363,113.0,378.0,131.0,157.0,74,22,0
the,1357,2363,109.0,113.0,131.0,157.0,70,29,0
analyses,1466,2363,236.0,109.0,131.0,157.0,196,36,1
of,1702,2363,87.0,236.0,131.0,157.0,45,30,0
the,1789,2363,109.0,87.0,131.0,157.0,70,30,1
DBAs,1898,2363,132.0,109.0,131.0,157.0,95,29,0
needed,2030,2363,186.0,132.0,131.0,157.0,147,30,1
to,2216,2363,1796.0,186.0,131.0,157.0,45,29,0
identify,421,2413,231.0,1796.0,131.0,131.0,195,39,1
mitigating,652,2413,294.0,231.0,51.0,131.0,252,39,0
features,946,2413,232.0,294.0,51.0,131.0,192,30,1
has,1178,2413,111.0,232.0,51.0,131.0,71,29,0
been,1289,2413,141.0,111.0,51.0,131.0,99,30,1
completed.,1430,2413,313.0,141.0,51.0,131.0,239,37,0
Identification,1743,2413,386.0,313.0,51.0,131.0,347,32,1
of,2129,2413,87.0,386.0,51.0,131.0,45,31,1
an,2216,2413,1795.0,87.0,51.0,131.0,47,22,1
initial,422,2463,198.0,1795.0,51.0,51.0,167,32,1
set,620,2463,99.0,198.0,51.0,51.0,70,29,1
of,719,2463,73.0,99.0,51.0,51.0,45,30,1
mitigating,792,2463,278.0,73.0,51.0,51.0,249,39,1
features,1070,2463,224.0,278.0,51.0,51.0,192,32,1
is,1294,2463,73.0,224.0,51.0,51.0,42,31,1
scheduled,1367,2463,252.0,73.0,51.0,51.0,222,31,1
for,1619,2463,99.0,252.0,51.0,51.0,71,32,1
the,1718,2463,98.0,99.0,51.0,51.0,72,30,1
ACD.,1816,2463,151.0,98.0,51.0,51.0,92,29,1
This,1967,2463,126.0,151.0,51.0,51.0,95,31,1
section,2093,2463,1674.0,126.0,51.0,51.0,170,32,1
discusses,420,2513,255.0,1674.0,51.0,51.0,219,31,1
the,675,2513,99.0,255.0,50.0,51.0,71,29,1
methods,774,2513,205.0,99.0,50.0,51.0,174,30,0
planned,979,2513,202.0,205.0,50.0,51.0,170,36,0
for,1181,2513,102.0,202.0,50.0,51.0,71,30,1
identifying,1283,2513,302.0,102.0,50.0,51.0,269,40,0
and,1585,2513,103.0,302.0,50.0,51.0,71,29,0
establishing,1688,2513,328.0,103.0,50.0,51.0,295,39,0
the,2016,2513,101.0,328.0,50.0,51.0,70,29,1
design,2117,2513,1698.0,101.0,50.0,51.0,146,39,0
requirements,420,2563,334.0,1698.0,50.0,50.0,294,39,1
of,754,2563,87.0,334.0,50.0,50.0,45,30,0
features,841,2563,231.0,87.0,50.0,50.0,193,31,0
needed,1072,2563,185.0,231.0,50.0,50.0,147,29,0
to,1257,2563,82.0,185.0,50.0,50.0,45,30,1
prevent,1339,2563,213.0,82.0,50.0,50.0,173,38,0
or,1552,2563,82.0,213.0,50.0,50.0,47,22,0
mitigate,1634,2563,239.0,82.0,50.0,50.0,200,39,0
releases,1873,2563,234.0,239.0,50.0,50.0,194,31,1
to,2107,2563,84.0,234.0,50.0,50.0,45,29,0
the,2191,2563,1771.0,84.0,50.0,50.0,71,29,0
accessible,421,2612,273.0,1771.0,50.0,50.0,244,32,1
environment.,694,2612,292.0,273.0,102.0,50.0,290,33,1
6.2.2.2,421,2714,220.0,292.0,102.0,102.0,167,30,1
Methods,641,2714,205.0,220.0,159.0,102.0,173,30,1
for,846,2714,99.0,205.0,159.0,102.0,70,31,1
Identifying,945,2714,295.0,99.0,159.0,102.0,269,37,1
Mitigating,1240,2714,275.0,295.0,159.0,102.0,247,37,1
Features,1515,2714,977.0,275.0,159.0,102.0,196,29,1
The,544,2814,111.0,977.0,159.0,159.0,72,29,0
process,655,2814,215.0,111.0,132.0,159.0,172,30,1
envisioned,870,2814,287.0,215.0,132.0,159.0,246,32,0
to,1157,2814,86.0,287.0,132.0,159.0,45,28,1
determine,1243,2814,261.0,86.0,132.0,159.0,220,33,0
the,1504,2814,113.0,261.0,132.0,159.0,71,29,1
design,1617,2814,189.0,113.0,132.0,159.0,147,39,1
features,1806,2814,233.0,189.0,132.0,159.0,194,31,1
necessary,2039,2814,1618.0,233.0,132.0,159.0,224,29,1
for,422,2863,112.0,1618.0,132.0,132.0,71,30,0
the,534,2863,108.0,112.0,50.0,132.0,70,30,1
prevention,642,2863,291.0,108.0,50.0,132.0,251,38,1
or,933,2863,84.0,291.0,50.0,132.0,47,22,1
mitigation,1017,2863,288.0,84.0,50.0,132.0,248,39,1
of,1305,2863,87.0,288.0,50.0,132.0,44,31,1
offsite,1392,2863,213.0,87.0,50.0,132.0,171,32,1
releases,1605,2863,240.0,213.0,50.0,132.0,195,30,1
is,1845,2863,86.0,240.0,50.0,132.0,42,32,1
summarized,1931,2863,287.0,86.0,50.0,132.0,243,32,1
in,2218,2863,1800.0,287.0,50.0,132.0,45,32,1
Figure,419,2912,181.0,1800.0,50.0,50.0,147,39,1
6-3.,600,2912,153.0,181.0,1469.0,50.0,88,29,1
The,753,2912,107.0,153.0,1469.0,50.0,73,30,0
objective,860,2912,257.0,107.0,1469.0,50.0,221,39,0
is,1117,2912,77.0,257.0,1469.0,50.0,42,31,1
to,1194,2912,80.0,77.0,1469.0,50.0,44,29,0
"identify,",1274,2912,249.0,80.0,1469.0,50.0,212,39,0
by,1523,2912,81.0,249.0,1469.0,50.0,50,36,0
performing,1604,2912,509.0,81.0,1469.0,50.0,249,40,1
of,2113,2912,77.0,509.0,1469.0,50.0,44,30,0
all,2190,2912,304.0,77.0,1469.0,50.0,71,30,0
analyses,1887,2916,0,304.0,1469.0,1469.0,193,36,0
