word,x,y,x+1 dist,x-1 dist,y+1 dist,y-1 dist,width,height,table
TABLES,1190,410,958.0,0,958.0,0,145,30,1
Page,2142,509,1854.0,958.0,958.0,958.0,95,39,0
Table,289,558,155.0,1854.0,1854.0,1854.0,121,30,0
1.,444,558,96.0,155.0,161.0,1854.0,35,28,0
Summary,540,558,201.0,96.0,161.0,1854.0,172,37,0
of,741,558,75.0,201.0,161.0,1854.0,45,28,0
tracer-spike,816,558,323.0,75.0,161.0,1854.0,294,38,0
velocities,1139,558,278.0,323.0,161.0,1854.0,245,30,0
and,1417,558,101.0,278.0,161.0,1854.0,70,29,0
flow,1518,558,126.0,101.0,161.0,1854.0,95,30,0
rates,1644,558,552.0,126.0,161.0,1854.0,116,27,0
14,2196,558,1756.0,552.0,161.0,1854.0,42,31,0
2.,441,609,100.0,1756.0,161.0,161.0,38,29,0
Correlation,541,609,300.0,100.0,159.0,161.0,271,30,0
of,841,609,77.0,300.0,159.0,161.0,46,29,0
flow,918,609,121.0,77.0,159.0,161.0,95,29,0
"points,",1039,609,204.0,121.0,159.0,161.0,166,38,0
identified,1243,609,275.0,204.0,159.0,161.0,244,30,1
from,1518,609,124.0,275.0,159.0,161.0,96,29,0
temperature,1642,609,302.0,124.0,159.0,161.0,270,34,1
log,1944,609,1354.0,302.0,159.0,161.0,69,38,0
obtained,591,659,225.0,1354.0,159.0,159.0,195,29,1
during,816,659,173.0,225.0,49.0,159.0,146,37,0
"pumping,",989,659,226.0,173.0,49.0,159.0,192,37,0
with,1215,659,128.0,226.0,49.0,159.0,98,29,0
fractures,1343,659,250.0,128.0,49.0,159.0,217,29,0
identified,1593,659,276.0,250.0,49.0,159.0,245,30,0
from,1869,659,1279.0,276.0,49.0,159.0,95,29,1
acoustic-televiewer,591,708,500.0,1279.0,49.0,49.0,471,29,0
and,1091,708,101.0,500.0,160.0,49.0,71,30,0
television-camera,1192,708,452.0,101.0,160.0,49.0,419,31,0
logs,1644,708,552.0,452.0,160.0,49.0,92,38,0
19,2196,708,1757.0,552.0,160.0,49.0,40,30,0
3.,440,758,98.0,1757.0,160.0,160.0,38,29,0
Ratio,538,758,152.0,98.0,160.0,160.0,122,29,0
of,690,758,73.0,152.0,160.0,160.0,46,29,1
principal,763,758,252.0,73.0,160.0,160.0,222,38,0
hydraulic-conductivity,1015,758,574.0,252.0,160.0,160.0,548,39,0
values,1589,758,179.0,574.0,160.0,160.0,146,30,1
for,1768,758,100.0,179.0,160.0,160.0,69,29,0
fractures,1868,758,1277.0,100.0,160.0,160.0,217,29,0
in,592,807,72.0,1277.0,160.0,160.0,45,28,0
USW,664,807,99.0,72.0,160.0,160.0,74,29,1
"H-4,",763,807,128.0,99.0,160.0,160.0,92,40,0
as,891,807,75.0,128.0,160.0,160.0,43,20,0
determined,966,807,273.0,75.0,160.0,160.0,245,30,0
by,1239,807,77.0,273.0,160.0,160.0,49,38,0
the,1316,807,100.0,77.0,160.0,160.0,69,30,0
Snow,1416,807,125.0,100.0,160.0,160.0,97,29,1
equation,1541,807,651.0,125.0,160.0,160.0,198,38,0
26,2192,807,1753.0,651.0,160.0,160.0,45,31,0
4.,440,856,99.0,1753.0,160.0,160.0,38,31,0
Estimates,539,856,251.0,99.0,160.0,160.0,219,29,1
of,790,856,77.0,251.0,160.0,160.0,46,29,0
fracture,867,856,222.0,77.0,160.0,160.0,193,29,0
porosity,1089,856,227.0,222.0,160.0,160.0,199,37,1
of,1316,856,76.0,227.0,160.0,160.0,46,28,1
tuffs,1392,856,148.0,76.0,160.0,160.0,118,29,1
penetrated,1540,856,275.0,148.0,160.0,160.0,247,38,1
by,1815,856,75.0,275.0,160.0,160.0,49,38,1
USW,1890,856,100.0,75.0,160.0,160.0,76,30,1
"H-4,",1990,856,1400.0,100.0,160.0,160.0,92,39,1
assuming,591,907,225.0,1400.0,160.0,160.0,195,36,1
the,816,907,100.0,225.0,447.0,160.0,69,30,1
33,916,907,77.0,100.0,447.0,160.0,44,30,1
flow,993,907,123.0,77.0,447.0,160.0,95,30,1
zones,1116,907,151.0,123.0,447.0,160.0,118,20,1
are,1267,907,99.0,151.0,447.0,160.0,69,21,0
equally,1366,907,199.0,99.0,447.0,160.0,172,38,0
permeable,1565,907,628.0,199.0,447.0,160.0,221,39,0
28,2193,907,1220.0,628.0,447.0,160.0,44,30,1
METRIC,990,1107,177.0,1220.0,447.0,447.0,146,30,1
CONVERSION,1167,1107,274.0,177.0,709.0,447.0,247,30,1
TABLE,1441,1107,1158.0,274.0,709.0,447.0,121,29,1
Multiply,288,1204,229.0,1158.0,709.0,709.0,200,39,0
inch-pound,517,1204,272.0,229.0,98.0,709.0,246,40,0
units,789,1204,475.0,272.0,98.0,709.0,121,31,0
By,1264,1204,428.0,475.0,98.0,709.0,50,37,1
To,1692,1204,76.0,428.0,98.0,709.0,46,27,1
obtain,1768,1204,174.0,76.0,98.0,709.0,146,31,1
SI,1942,1204,74.0,174.0,98.0,709.0,46,28,1
units,2016,1204,1727.0,74.0,98.0,709.0,121,32,0
cubic,292,1301,150.0,1727.0,98.0,98.0,118,31,0
foot,442,1301,121.0,150.0,52.0,98.0,94,29,0
per,563,1301,102.0,121.0,52.0,98.0,73,29,1
hour,665,1301,131.0,102.0,52.0,98.0,96,29,1
(ft3/h),796,1301,421.0,131.0,52.0,98.0,161,41,0
0.02832,1217,1301,477.0,421.0,52.0,98.0,169,31,1
cubic,1694,1301,146.0,477.0,52.0,98.0,118,30,0
meter,1840,1301,151.0,146.0,52.0,98.0,123,26,0
per,1991,1301,101.0,151.0,52.0,98.0,73,29,1
hour,2092,1301,1801.0,101.0,52.0,98.0,97,30,0
foot,292,1353,129.0,1801.0,52.0,52.0,94,29,1
(ft),421,1353,796.0,129.0,49.0,52.0,86,39,0
0.3048,1217,1353,473.0,796.0,49.0,52.0,144,31,1
meter,1690,1353,1399.0,473.0,49.0,52.0,123,26,0
foot,292,1402,122.0,1399.0,49.0,49.0,94,29,1
per,414,1402,101.0,122.0,50.0,49.0,72,29,0
hour,515,1402,131.0,101.0,50.0,49.0,97,30,1
(ft/h),646,1402,571.0,131.0,50.0,49.0,135,38,0
0.3048,1217,1402,473.0,571.0,50.0,49.0,145,31,1
meter,1690,1402,151.0,473.0,50.0,49.0,123,26,1
per,1841,1402,101.0,151.0,50.0,49.0,73,29,0
hour,1942,1402,1652.0,101.0,50.0,49.0,97,29,0
gallon,291,1451,173.0,1652.0,50.0,50.0,147,38,0
per,464,1451,100.0,173.0,52.0,50.0,73,29,1
minute,564,1451,182.0,100.0,52.0,50.0,147,28,1
(gal/min),746,1451,471.0,182.0,52.0,50.0,211,41,0
3.785,1217,1451,478.0,471.0,52.0,50.0,118,31,1
liter,1695,1451,146.0,478.0,52.0,50.0,119,30,1
per,1841,1451,100.0,146.0,52.0,50.0,73,29,0
minute,1941,1451,1650.0,100.0,52.0,50.0,147,29,0
inch,292,1502,129.0,1650.0,52.0,52.0,96,30,1
(in.),421,1502,771.0,129.0,51.0,52.0,111,39,0
25.40,1192,1502,499.0,771.0,51.0,52.0,120,32,1
millimeter,1691,1502,1403.0,499.0,51.0,52.0,248,30,0
mile,289,1552,132.0,1403.0,51.0,51.0,97,30,1
(mi),421,1552,799.0,132.0,1868.0,51.0,86,39,1
1.609,1220,1552,473.0,799.0,1868.0,51.0,115,33,1
kilometer,1693,1552,1664.0,473.0,1868.0,51.0,221,30,0
iv,1247,3155,0,1664.0,1868.0,1868.0,45,28,1
