word,x,y,x+1 dist,x-1 dist,y+1 dist,y-1 dist,width,height,table
TABLE,1584,359,115.0,0,201.0,0,92,25,1
LXVIII,1699,359,314.0,115.0,201.0,0,109,24,1
THERMODYNAMIC,1391,415,269.0,314.0,201.0,201.0,247,25,1
DATA,1660,415,95.0,269.0,200.0,201.0,75,25,1
FOR,1755,415,78.0,95.0,200.0,201.0,56,24,0
ZEOLITES,1833,415,258.0,78.0,200.0,201.0,149,23,1
AG,1582,472,708.0,258.0,200.0,200.0,54,25,1
Experimental,2290,472,248.0,708.0,57.0,200.0,225,30,1
"AG,",2538,472,1009.0,248.0,57.0,200.0,75,34,1
(kcal/mole),1530,493,113.0,1009.0,57.0,57.0,200,31,1
f,1643,493,729.0,113.0,842.0,57.0,14,23,1
(kcal/mole),2371,513,523.0,729.0,842.0,842.0,201,31,1
b,1850,554,518.0,523.0,523.0,523.0,16,23,0
d,2368,554,113.0,518.0,1091.0,523.0,15,22,1
Robie,2481,554,115.0,113.0,1091.0,523.0,93,24,0
and,2596,554,1837.0,115.0,1091.0,523.0,54,24,0
Mineral,760,575,440.0,1837.0,1091.0,1091.0,130,25,0
TGa,1200,575,190.0,440.0,150.0,1091.0,54,36,0
Modified,1390,575,174.0,190.0,150.0,1091.0,152,24,1
TGa,1564,575,171.0,174.0,150.0,1091.0,53,35,1
Nriagu,1735,575,269.0,171.0,150.0,1091.0,113,30,1
Chenc,2004,575,249.0,269.0,150.0,1091.0,91,36,0
SUPCRT,2253,575,246.0,249.0,150.0,1091.0,111,24,0
Waldbaum,2499,575,1875.0,246.0,150.0,1091.0,152,24,0
Analcime,626,641,80.0,1875.0,150.0,150.0,151,24,0
Na[A1Si2061.H20,683,696,500.0,80.0,80.0,80.0,286,47,0
-747.3,1183,696,268.0,500.0,98.0,80.0,110,26,0
-741.0,1451,696,287.0,268.0,98.0,80.0,110,26,1
-732.5,1738,696,268.0,287.0,98.0,80.0,109,24,0
-734.9,2006,696,267.0,268.0,98.0,80.0,109,25,1
-738.1,2273,696,249.0,267.0,98.0,80.0,108,24,1
-734.3,2522,696,1898.0,249.0,98.0,80.0,109,26,1
Wairakite,626,775,82.0,1898.0,98.0,98.0,169,24,0
Ca[Al2,685,831,114.0,82.0,82.0,82.0,111,44,0
Si,799,831,56.0,114.0,155.0,82.0,34,23,0
0,855,831,63.0,56.0,155.0,82.0,18,24,1
],918,831,20.0,63.0,155.0,82.0,7,30,1
.2H,938,831,71.0,20.0,155.0,82.0,51,23,1
0,1009,831,155.0,71.0,155.0,82.0,18,22,0
-1502.0,1164,831,267.0,155.0,155.0,82.0,129,24,0
-1479.0,1431,831,288.0,267.0,155.0,82.0,130,25,1
-1474.0,1719,831,267.0,288.0,155.0,82.0,129,24,0
-1477.8,1986,831,268.0,267.0,155.0,82.0,129,26,1
-1477.8,2254,831,1417.0,268.0,155.0,82.0,128,26,0
4,838,852,40.0,1417.0,155.0,155.0,16,25,0
12,878,852,113.0,40.0,219.0,155.0,33,24,0
2,991,852,369.0,113.0,219.0,155.0,15,24,1
Laumonite,627,909,80.0,369.0,219.0,219.0,169,24,0
Ca[Al2,685,964,115.0,80.0,80.0,80.0,111,46,0
Si,800,964,56.0,115.0,155.0,80.0,34,24,1
0,856,964,62.0,56.0,155.0,80.0,17,24,0
],918,964,20.0,62.0,155.0,80.0,7,32,0
-4H,938,964,71.0,20.0,155.0,80.0,50,24,0
0,1009,964,155.0,71.0,155.0,80.0,17,24,0
-1620.4,1164,964,267.0,155.0,155.0,80.0,130,26,0
-1597.4,1431,964,288.0,267.0,155.0,80.0,130,26,0
-1586.6,1719,964,267.0,288.0,155.0,80.0,128,25,0
-1591.1,1986,964,268.0,267.0,155.0,80.0,128,24,0
-1597.0,2254,964,1417.0,268.0,155.0,80.0,128,24,1
4,838,985,41.0,1417.0,155.0,155.0,16,25,1
12,879,985,113.0,41.0,219.0,155.0,31,24,0
2,992,985,370.0,113.0,219.0,155.0,14,23,0
Clinoptilolite,627,1043,80.0,370.0,219.0,219.0,265,30,0
Ca[Al2Si.100241.81120,685,1097,479.0,80.0,80.0,80.0,361,48,0
-3084.8,1164,1097,268.0,479.0,59.0,80.0,130,26,0
-3061.8,1432,1097,287.0,268.0,59.0,80.0,130,26,0
-3047.8,1719,1097,267.0,287.0,59.0,80.0,129,26,0
-3045.8,1986,1097,1304.0,267.0,59.0,80.0,130,26,1
Mg[Al2Si10024].81120,684,1155,480.0,1304.0,59.0,59.0,362,47,0
-3061.5,1164,1155,268.0,480.0,57.0,59.0,128,27,0
-3051.2,1432,1155,287.0,268.0,57.0,59.0,129,25,0
-3035.7,1719,1155,268.0,287.0,57.0,59.0,127,25,0
-3024.5,1987,1155,1305.0,268.0,57.0,59.0,127,26,0
Na2[Al2S110024],684,1212,293.0,1305.0,57.0,57.0,280,47,0
-8H20,977,1212,187.0,293.0,58.0,57.0,88,43,0
-3077.4,1164,1212,268.0,187.0,58.0,57.0,130,26,0
-3064.8,1432,1212,287.0,268.0,58.0,57.0,129,26,1
-3038.8,1719,1212,268.0,287.0,58.0,57.0,129,25,0
-3040.2,1987,1212,1306.0,268.0,58.0,57.0,128,26,1
K,683,1269,45.0,1306.0,58.0,58.0,19,24,1
[Al2,728,1269,71.0,45.0,31.0,58.0,68,45,1
Si,799,1269,75.0,71.0,31.0,58.0,35,24,1
0,874,1269,62.0,75.0,31.0,58.0,18,24,1
],936,1269,21.0,62.0,31.0,58.0,8,31,1
-8H,957,1269,70.0,21.0,31.0,58.0,50,25,1
0,1027,1269,136.0,70.0,31.0,58.0,18,24,1
-3090.0,1163,1269,268.0,136.0,31.0,58.0,130,24,0
-3090.0,1431,1269,287.0,268.0,31.0,58.0,130,25,1
-3062.8,1718,1269,268.0,287.0,31.0,58.0,129,25,0
-3065.8,1986,1269,1283.0,268.0,31.0,58.0,129,26,1
2,704,1291,136.0,1283.0,31.0,31.0,15,24,1
10,840,1291,55.0,136.0,97.0,31.0,32,24,1
24,895,1291,115.0,55.0,97.0,31.0,35,24,0
2,1010,1291,389.0,115.0,97.0,31.0,15,24,1
Heulandite,626,1348,80.0,389.0,97.0,97.0,188,24,1
Ca[Al2Si7018],684,1403,253.0,80.0,80.0,80.0,241,47,1
-61120,937,1403,226.0,253.0,98.0,80.0,89,45,0
-2352.6,1163,1403,268.0,226.0,98.0,80.0,130,26,1
-2329.6,1431,1403,287.0,268.0,98.0,80.0,129,25,0
-2317.2,1718,1403,268.0,287.0,98.0,80.0,129,24,0
-2318.4,1986,1403,1363.0,268.0,98.0,80.0,129,26,1
Mordenite,626,1481,81.0,1363.0,98.0,98.0,170,25,1
Na[A1S15,684,1537,153.0,81.0,81.0,81.0,149,47,1
0,837,1537,61.0,153.0,177.0,81.0,17,23,1
],898,1537,21.0,61.0,177.0,81.0,8,32,0
-3H,919,1537,71.0,21.0,177.0,81.0,50,23,0
0,990,1537,174.0,71.0,177.0,81.0,17,23,0
-1479.5,1164,1537,268.0,174.0,177.0,81.0,127,25,1
-1473.2,1432,1537,287.0,268.0,177.0,81.0,128,26,0
-1463.1,1719,1537,267.0,287.0,177.0,81.0,126,26,1
-1463.2,1986,1537,1128.0,267.0,177.0,81.0,129,25,1
12,859,1561,113.0,1128.0,177.0,177.0,32,23,0
2,972,1561,290.0,113.0,179.0,177.0,15,23,1
KfA1Si5012).3H20,684,1594,479.0,290.0,179.0,179.0,304,48,0
-1485.8,1163,1594,268.0,479.0,104.0,179.0,130,25,1
-1485.8,1431,1594,288.0,268.0,104.0,179.0,129,25,0
-1475.1,1719,1594,267.0,288.0,104.0,179.0,127,26,1
-1476.2,1986,1594,1361.0,267.0,104.0,179.0,129,25,1
aRef.,628,1681,115.0,1361.0,104.0,104.0,87,35,0
91.,743,1681,127.0,115.0,50.0,104.0,49,24,1
b,626,1730,29.0,127.0,50.0,50.0,17,24,1
Ref.,646,1750,97.0,29.0,29.0,29.0,69,24,0
90.,743,1750,123.0,97.0,49.0,29.0,48,23,0
c,629,1795,16.0,123.0,49.0,49.0,14,17,0
Ref.,645,1795,97.0,16.0,52.0,49.0,70,24,0
82.,742,1795,126.0,97.0,52.0,49.0,49,24,0
d,627,1846,18.0,126.0,52.0,52.0,17,24,0
Ref.,645,1846,101.0,18.0,118.0,52.0,70,24,0
87.,743,1866,125.0,101.0,118.0,118.0,48,23,0
e,627,1911,18.0,125.0,125.0,125.0,16,17,0
Ref.,645,1911,99.0,18.0,117.0,125.0,69,24,0
88.,743,1923,0,99.0,117.0,117.0,47,23,0
