word,x,y,x+1 dist,x-1 dist,y+1 dist,y-1 dist,width,height,table
TABLE,1727,656,122.0,0,710.0,0,95,24,0
III,1849,656,832.0,122.0,710.0,0,49,26,0
ELEMENTAL,1020,714,196.0,832.0,710.0,710.0,174,25,1
CONCENTRATIONS,1216,714,298.0,196.0,620.0,710.0,271,25,0
IN,1514,714,55.0,298.0,620.0,710.0,33,23,1
GROUNDWATER,1569,714,237.0,55.0,620.0,710.0,214,24,0
FROM,1806,714,97.0,237.0,620.0,710.0,75,22,1
11W.,1903,714,79.0,97.0,620.0,710.0,55,23,0
BULLFROC,1982,714,176.0,79.0,620.0,710.0,154,24,1
MEMBER,2158,714,138.0,176.0,620.0,710.0,115,23,0
OF,2296,714,58.0,138.0,620.0,710.0,36,22,1
WELL,2354,714,99.0,58.0,620.0,710.0,77,24,0
USW,2453,714,78.0,99.0,620.0,710.0,57,23,1
11-6,2531,714,911.0,78.0,620.0,710.0,54,23,1
Concentratton,1628,833,72.0,911.0,620.0,620.0,252,24,1
(og,1689,870,59.0,72.0,72.0,72.0,53,34,1
h),1748,870,1317.0,59.0,1258.0,72.0,51,33,1
Sample,432,907,194.0,1317.0,1258.0,1258.0,114,31,1
---N---,626,907,256.0,194.0,78.0,1258.0,121,35,0
Mn,882,907,159.0,256.0,78.0,1258.0,37,24,1
St,1041,907,196.0,159.0,78.0,1258.0,32,23,1
Pe,1237,907,196.0,196.0,78.0,1258.0,35,24,1
Sr,1433,907,197.0,196.0,78.0,1258.0,35,24,1
Ba,1630,907,194.0,197.0,78.0,1258.0,34,24,1
V,1824,907,176.0,194.0,78.0,1258.0,17,23,1
Ti,2000,907,198.0,176.0,78.0,1258.0,34,23,1
Ca,2198,907,197.0,198.0,78.0,1258.0,36,23,1
Lt,2395,907,194.0,197.0,78.0,1258.0,32,23,1
K,2589,907,138.0,194.0,78.0,1258.0,18,24,1
Al,2727,907,156.0,138.0,78.0,1258.0,30,23,0
Na,2883,907,2453.0,156.0,78.0,1258.0,34,23,0
06281,432,985,215.0,2453.0,78.0,78.0,90,24,1
0.087,647,985,196.0,215.0,59.0,78.0,93,25,0
0.045,843,985,182.0,196.0,59.0,78.0,95,24,1
19.5,1025,985,170.0,182.0,59.0,78.0,69,25,0
0.098,1195,985,196.0,170.0,59.0,78.0,96,25,0
0.012,1391,985,197.0,196.0,59.0,78.0,96,25,0
0.006,1588,985,195.0,197.0,59.0,78.0,94,24,1
0.025,1783,985,196.0,195.0,59.0,78.0,95,24,1
0.032,1979,985,201.0,196.0,59.0,78.0,96,25,0
5.36,2180,985,173.0,201.0,59.0,78.0,72,25,0
0.098,2353,985,200.0,173.0,59.0,78.0,95,24,0
3.13,2553,985,152.0,200.0,59.0,78.0,71,25,1
0.114,2705,985,179.0,152.0,59.0,78.0,94,24,1
79,2884,985,2454.0,179.0,59.0,78.0,33,24,1
06282,431,1043,217.0,2454.0,59.0,59.0,97,25,1
0.030,648,1043,196.0,217.0,58.0,59.0,96,25,0
0.035,844,1043,179.0,196.0,58.0,59.0,95,25,1
20.1,1023,1043,173.0,179.0,58.0,59.0,73,26,1
0.088,1196,1043,197.0,173.0,58.0,59.0,96,24,0
0.011,1393,1043,196.0,197.0,58.0,59.0,92,25,1
0.005,1589,1043,196.0,196.0,58.0,59.0,96,24,0
0.028,1785,1043,196.0,196.0,58.0,59.0,96,24,0
0.034,1981,1043,201.0,196.0,58.0,59.0,95,25,0
5.12,2182,1043,172.0,201.0,58.0,59.0,72,24,0
0.090,2354,1043,199.0,172.0,58.0,59.0,96,25,0
2.96,2553,1043,153.0,199.0,58.0,59.0,73,25,0
0.111,2706,1043,179.0,153.0,58.0,59.0,91,24,1
77,2885,1043,2453.0,179.0,58.0,59.0,31,24,0
06291,433,1100,215.0,2453.0,58.0,58.0,91,26,0
0.010,648,1100,196.0,215.0,61.0,58.0,96,24,0
0.014,844,1100,180.0,196.0,61.0,58.0,95,26,1
20.3,1024,1100,172.0,180.0,61.0,58.0,73,25,0
0.086,1196,1100,197.0,172.0,61.0,58.0,96,25,1
0.010,1393,1100,196.0,197.0,61.0,58.0,96,25,0
0.005,1589,1100,196.0,196.0,61.0,58.0,96,24,1
0.026,1785,1100,196.0,196.0,61.0,58.0,95,25,0
0.033,1981,1100,199.0,196.0,61.0,58.0,96,25,1
4.98,2180,1100,174.0,199.0,61.0,58.0,75,24,1
0.089,2354,1100,199.0,174.0,61.0,58.0,96,25,1
3.00,2553,1100,153.0,199.0,61.0,58.0,73,25,1
0.110,2706,1100,179.0,153.0,61.0,58.0,96,24,1
75,2885,1100,2452.0,179.0,61.0,58.0,33,25,1
06294,434,1160,198.0,2452.0,61.0,61.0,95,25,1
<0.008,632,1160,214.0,198.0,60.0,61.0,113,25,1
0.033,846,1160,179.0,214.0,60.0,61.0,94,25,1
20.5,1025,1160,174.0,179.0,60.0,61.0,72,25,1
0.097,1199,1160,196.0,174.0,60.0,61.0,92,25,1
0.010,1395,1160,196.0,196.0,60.0,61.0,95,25,1
0.006,1591,1160,196.0,196.0,60.0,61.0,94,24,1
0.029,1787,1160,196.0,196.0,60.0,61.0,95,25,1
0.034,1983,1160,200.0,196.0,60.0,61.0,94,26,1
5.05,2183,1160,172.0,200.0,60.0,61.0,73,24,1
0.095,2355,1160,200.0,172.0,60.0,61.0,95,25,1
3.18,2555,1160,153.0,200.0,60.0,61.0,72,26,1
0.109,2708,1160,178.0,153.0,60.0,61.0,94,26,1
76,2886,1160,2452.0,178.0,60.0,61.0,32,25,0
06295,435,1219,197.0,2452.0,60.0,60.0,95,26,0
<0.008,632,1219,214.0,197.0,59.0,60.0,114,25,1
0.028,846,1219,179.0,214.0,59.0,60.0,96,24,0
20.6,1025,1219,173.0,179.0,59.0,60.0,73,26,0
0.106,1198,1219,196.0,173.0,59.0,60.0,96,26,1
0.010,1394,1219,196.0,196.0,59.0,60.0,97,26,0
0.005,1590,1219,196.0,196.0,59.0,60.0,96,25,0
0.028,1786,1219,196.0,196.0,59.0,60.0,97,25,0
0.035,1982,1219,200.0,196.0,59.0,60.0,97,25,1
5.10,2182,1219,173.0,200.0,59.0,60.0,74,24,1
0.090,2355,1219,199.0,173.0,59.0,60.0,96,25,0
3.20,2554,1219,154.0,199.0,59.0,60.0,73,26,0
0.113,2708,1219,178.0,154.0,59.0,60.0,95,25,0
77,2886,1219,2453.0,178.0,59.0,60.0,32,25,1
06101,434,1277,199.0,2453.0,59.0,59.0,93,25,1
<0.008,633,1277,214.0,199.0,59.0,59.0,113,25,1
0.028,847,1277,182.0,214.0,59.0,59.0,95,25,1
19.6,1029,1277,171.0,182.0,59.0,59.0,70,25,0
0.078,1200,1277,196.0,171.0,59.0,59.0,95,25,1
0.010,1396,1277,195.0,196.0,59.0,59.0,94,25,1
0.005,1591,1277,196.0,195.0,59.0,59.0,96,24,0
0.029,1787,1277,196.0,196.0,59.0,59.0,96,25,1
0.034,1983,1277,199.0,196.0,59.0,59.0,95,25,0
4.94,2182,1277,174.0,199.0,59.0,59.0,73,24,0
0.086,2356,1277,200.0,174.0,59.0,59.0,95,26,0
3.03,2556,1277,152.0,200.0,59.0,59.0,71,26,0
0.104,2708,1277,176.0,152.0,59.0,59.0,95,25,0
82,2884,1277,2450.0,176.0,59.0,59.0,36,26,0
063024,435,1335,199.0,2450.0,59.0,59.0,115,36,1
<0.008,634,1335,213.0,199.0,60.0,59.0,112,24,0
0.027,847,1335,180.0,213.0,60.0,59.0,93,24,1
20.2,1027,1335,173.0,180.0,60.0,59.0,71,24,0
0.117,1200,1335,195.0,173.0,60.0,59.0,93,25,1
0.010,1395,1335,197.0,195.0,60.0,59.0,95,24,0
0.006,1592,1335,196.0,197.0,60.0,59.0,94,25,1
0.031,1788,1335,195.0,196.0,60.0,59.0,91,26,0
0.038,1983,1335,201.0,195.0,60.0,59.0,96,25,1
5.08,2184,1335,173.0,201.0,60.0,59.0,72,23,0
0.085,2357,1335,199.0,173.0,60.0,59.0,94,23,1
3.17,2556,1335,152.0,199.0,60.0,59.0,70,26,1
0.150,2708,1335,177.0,152.0,60.0,59.0,95,23,1
83,2885,1335,2449.0,177.0,60.0,59.0,35,24,1
06302,437,1394,197.0,2449.0,60.0,60.0,93,24,1
<0.008,634,1394,213.0,197.0,60.0,60.0,113,24,1
0.028,847,1394,180.0,213.0,60.0,60.0,96,24,1
20.1,1027,1394,172.0,180.0,60.0,60.0,68,24,1
0.080,1199,1394,196.0,172.0,60.0,60.0,96,23,1
0.010,1395,1394,197.0,196.0,60.0,60.0,96,24,1
0.005,1592,1394,195.0,197.0,60.0,60.0,94,23,1
0.029,1787,1394,196.0,195.0,60.0,60.0,96,24,1
0.039,1983,1394,202.0,196.0,60.0,60.0,96,24,1
5.00,2185,1394,172.0,202.0,60.0,60.0,71,24,1
0.089,2357,1394,200.0,172.0,60.0,60.0,95,24,1
3.11,2557,1394,152.0,200.0,60.0,60.0,67,24,1
0.102,2709,1394,177.0,152.0,60.0,60.0,94,24,1
81,2886,1394,2451.0,177.0,60.0,60.0,30,24,1
07011,436,1453,199.0,2451.0,60.0,60.0,92,25,1
<0.008,635,1453,213.0,199.0,59.0,60.0,113,24,0
0.027,848,1453,180.0,213.0,59.0,60.0,94,24,0
20.2,1028,1453,173.0,180.0,59.0,60.0,71,24,1
0.101,1201,1453,196.0,173.0,59.0,60.0,91,24,1
0.010,1397,1453,197.0,196.0,59.0,60.0,96,25,0
0.007,1594,1453,195.0,197.0,59.0,60.0,93,24,1
0.033,1789,1453,196.0,195.0,59.0,60.0,96,25,0
0.039,1985,1453,201.0,196.0,59.0,60.0,96,25,0
5.18,2186,1453,173.0,201.0,59.0,60.0,73,26,0
0.092,2359,1453,199.0,173.0,59.0,60.0,95,24,1
3.29,2558,1453,152.0,199.0,59.0,60.0,72,25,1
0.130,2710,1453,177.0,152.0,59.0,60.0,95,23,0
84,2887,1453,2449.0,177.0,59.0,60.0,34,23,0
07012,439,1511,197.0,2449.0,59.0,59.0,93,26,0
<0.008,636,1511,213.0,197.0,59.0,59.0,113,23,1
0.028,849,1511,178.0,213.0,59.0,59.0,95,24,1
20.4,1027,1511,173.0,178.0,59.0,59.0,72,25,1
0.121,1200,1511,197.0,173.0,59.0,59.0,93,24,1
0.011,1397,1511,196.0,197.0,59.0,59.0,91,24,0
0.006,1593,1511,195.0,196.0,59.0,59.0,95,23,1
0.032,1788,1511,197.0,195.0,59.0,59.0,95,25,1
0.044,1985,1511,200.0,197.0,59.0,59.0,95,24,0
5.19,2185,1511,173.0,200.0,59.0,59.0,73,24,0
0.096,2358,1511,199.0,173.0,59.0,59.0,95,24,0
3.42,2557,1511,153.0,199.0,59.0,59.0,72,25,1
0.120,2710,1511,176.0,153.0,59.0,59.0,95,23,0
82,2886,1511,2449.0,176.0,59.0,59.0,35,24,0
07013,438,1569,198.0,2449.0,59.0,59.0,94,26,0
<0.008,636,1569,214.0,198.0,58.0,59.0,112,24,0
0.029,850,1569,182.0,214.0,58.0,59.0,94,24,1
19.9,1032,1569,170.0,182.0,58.0,59.0,68,25,0
0.103,1202,1569,196.0,170.0,58.0,59.0,94,25,1
0.010,1398,1569,196.0,196.0,58.0,59.0,94,25,0
0.006,1594,1569,196.0,196.0,58.0,59.0,94,23,1
0.033,1790,1569,195.0,196.0,58.0,59.0,94,24,0
0.042,1985,1569,202.0,195.0,58.0,59.0,95,25,1
5.17,2187,1569,172.0,202.0,58.0,59.0,70,25,0
0.098,2359,1569,199.0,172.0,58.0,59.0,95,25,1
3.38,2558,1569,153.0,199.0,58.0,59.0,72,25,0
0.131,2711,1569,176.0,153.0,58.0,59.0,94,24,1
84,2887,1569,2450.0,176.0,58.0,59.0,33,24,1
07021,438,1627,197.0,2450.0,58.0,58.0,91,25,1
<0.008,635,1627,213.0,197.0,117.0,58.0,114,25,1
0.026,848,1627,183.0,213.0,117.0,58.0,96,24,1
19.7,1031,1627,170.0,183.0,117.0,58.0,67,27,1
0.102,1201,1627,195.0,170.0,117.0,58.0,95,26,1
0.011,1396,1627,197.0,195.0,117.0,58.0,93,25,1
0.006,1593,1627,195.0,197.0,117.0,58.0,95,24,1
0.010,1788,1627,197.0,195.0,117.0,58.0,96,25,1
0.030,1985,1627,200.0,197.0,117.0,58.0,96,25,1
5.26,2185,1627,173.0,200.0,117.0,58.0,73,24,1
0.094,2358,1627,199.0,173.0,117.0,58.0,95,24,1
3.36,2557,1627,153.0,199.0,117.0,58.0,72,26,1
0.140,2710,1627,176.0,153.0,117.0,58.0,95,24,1
91,2886,1627,2450.0,176.0,117.0,58.0,32,26,1
a,439,1743,62.0,2450.0,117.0,117.0,16,18,1
",",501,1743,44.0,62.0,24.0,117.0,11,8,1
Unrtltered.,459,1756,0,44.0,24.0,24.0,209,26,1
