word,x,y,x+1 dist,x-1 dist,y+1 dist,y-1 dist,width,height,table
TABLE,513,452,185.0,0,220.0,0,156,32,0
9.,698,452,93.0,185.0,220.0,0,35,33,0
ESTIMATED,791,452,301.0,93.0,220.0,0,269,33,1
MAXIMUM,1092,452,268.0,301.0,220.0,0,238,33,0
24-HOUR,1360,452,241.0,268.0,220.0,0,210,33,0
AMBIENT,1601,452,244.0,241.0,220.0,0,216,33,0
CONCENTRATIONS,1845,452,479.0,244.0,220.0,0,450,34,1
OF,2324,452,93.0,479.0,220.0,0,62,33,0
AIR,2417,452,112.0,93.0,220.0,0,80,32,1
POHALUTANTS,2529,452,1803.0,112.0,220.0,0,317,47,0
FROM,727,499,170.0,1803.0,220.0,220.0,138,33,0
HIGH,897,499,147.0,170.0,645.0,220.0,116,33,0
LEVEL,1044,499,178.0,147.0,645.0,220.0,149,33,1
NUCLEAR,1222,499,267.0,178.0,645.0,220.0,234,33,0
WASTE,1489,499,187.0,267.0,645.0,220.0,158,34,0
REPOSITORY,1676,499,336.0,187.0,645.0,220.0,306,34,0
AT,2012,499,93.0,336.0,645.0,220.0,64,33,0
YUCCA,2105,499,204.0,93.0,645.0,220.0,173,34,0
"MOUNTAIN""'",2309,499,970.0,204.0,645.0,220.0,316,39,0
Ridge,1352,656,153.0,970.0,645.0,645.0,123,44,0
Location,1505,656,754.0,153.0,521.0,645.0,190,35,0
Valley,2259,656,164.0,754.0,521.0,645.0,136,44,1
Location,2423,656,1590.0,164.0,521.0,645.0,189,34,0
Emission,834,707,249.0,1590.0,521.0,521.0,190,34,0
Distance(2),1082,728,210.0,249.0,249.0,249.0,246,65,0
Rate,875,757,864.0,210.0,210.0,210.0,102,33,0
Concentrition,1739,757,393.0,864.0,622.0,210.0,313,60,0
Distance,2132,757,550.0,393.0,622.0,210.0,190,34,0
Concentrition,2682,757,2427.0,550.0,622.0,210.0,313,59,1
Pollutant,256,808,639.0,2427.0,622.0,622.0,197,33,0
g/s,895,808,282.0,639.0,104.0,622.0,65,44,0
km,1177,808,231.0,282.0,104.0,622.0,61,33,0
Direction,1408,808,419.0,231.0,104.0,622.0,206,34,1
jA,1827,808,36.0,419.0,104.0,622.0,25,30,0
gl,1863,808,48.0,36.0,104.0,622.0,41,43,0
in,1911,808,285.0,48.0,104.0,622.0,33,24,0
km,2196,808,155.0,285.0,104.0,622.0,62,32,1
Direction,2351,808,419.0,155.0,104.0,622.0,206,35,0
pg/m,2770,808,2518.0,419.0,104.0,622.0,117,43,0
Suspended,255,911,250.0,2518.0,104.0,104.0,221,42,0
Particles,505,911,392.0,250.0,53.0,104.0,194,33,1
280,897,911,333.0,392.0,53.0,104.0,70,33,0
1.5,1230,911,243.0,333.0,53.0,104.0,58,33,1
SSW,1473,911,394.0,243.0,53.0,104.0,89,34,0
271,1867,911,383.0,394.0,53.0,104.0,67,33,1
1.0,2250,911,160.0,383.0,53.0,104.0,58,34,0
ENE,2410,911,399.0,160.0,53.0,104.0,94,33,1
276,2809,911,2554.0,399.0,53.0,104.0,71,33,0
CO,256,963,643.0,2554.0,53.0,53.0,68,32,0
220,899,963,332.0,643.0,50.0,53.0,69,33,1
1.5,1231,963,245.0,332.0,50.0,53.0,58,32,0
SSW,1476,963,392.0,245.0,50.0,53.0,86,33,0
213,1868,963,382.0,392.0,50.0,53.0,69,33,1
1.0,2250,963,164.0,382.0,50.0,53.0,59,33,0
ENE,2414,963,396.0,164.0,50.0,53.0,91,33,0
217,2810,963,2557.0,396.0,50.0,53.0,70,33,0
HC,254,1012,669.0,2557.0,50.0,50.0,66,32,0
10,923,1012,307.0,669.0,52.0,50.0,45,32,1
1.5,1230,1012,244.0,307.0,52.0,50.0,58,33,0
SSW,1474,1012,418.0,244.0,52.0,50.0,88,34,1
10,1892,1012,357.0,418.0,52.0,50.0,45,32,1
1.0,2249,1012,162.0,357.0,52.0,50.0,60,33,1
ENE,2411,1012,425.0,162.0,52.0,50.0,93,34,0
10,2836,1012,2580.0,425.0,52.0,50.0,45,32,0
NO,257,1063,666.0,2580.0,52.0,52.0,67,33,0
65,923,1063,308.0,666.0,41.0,52.0,44,32,0
1.5,1231,1063,246.0,308.0,41.0,52.0,58,32,0
SSW,1477,1063,415.0,246.0,41.0,52.0,85,34,0
63,1892,1063,358.0,415.0,41.0,52.0,44,33,0
1.0,2250,1063,164.0,358.0,41.0,52.0,58,33,0
ENE,2414,1063,421.0,164.0,41.0,52.0,92,33,0
64,2835,1063,2582.0,421.0,41.0,52.0,46,34,0
SO,254,1103,63.0,2582.0,41.0,41.0,59,33,0
2x,317,1103,630.0,63.0,190.0,41.0,32,72,0
4,947,1103,284.0,630.0,190.0,41.0,21,33,0
1.5,1231,1103,244.0,284.0,190.0,41.0,58,33,0
SSW,1475,1103,441.0,244.0,190.0,41.0,87,34,0
4,1916,1103,335.0,441.0,190.0,41.0,21,32,0
1.0,2251,1103,160.0,335.0,190.0,41.0,58,33,0
ENE,2411,1103,450.0,160.0,190.0,41.0,94,33,1
4,2861,1103,2614.0,450.0,190.0,41.0,20,32,1
(1),254,1293,90.0,2614.0,190.0,190.0,55,41,0
All,339,1320,92.0,90.0,90.0,90.0,61,33,0
cases,431,1320,142.0,92.0,88.0,90.0,112,24,0
use,573,1320,95.0,142.0,88.0,90.0,67,24,0
"""F""",668,1320,97.0,95.0,88.0,90.0,68,32,1
stability,765,1320,210.0,97.0,88.0,90.0,182,44,0
and,975,1320,103.0,210.0,88.0,90.0,74,33,1
wind,1078,1320,126.0,103.0,88.0,90.0,98,33,1
speed,1204,1320,149.0,126.0,88.0,90.0,119,42,1
of,1353,1320,71.0,149.0,88.0,90.0,42,35,0
2.5,1424,1320,93.0,71.0,88.0,90.0,60,32,0
m/s.,1517,1320,1263.0,93.0,88.0,90.0,90,39,0
(2),255,1344,88.0,1263.0,88.0,88.0,54,42,0
Distance,338,1373,218.0,88.0,88.0,88.0,188,34,0
from,556,1373,132.0,218.0,55.0,88.0,101,35,0
center,688,1373,166.0,132.0,55.0,88.0,139,31,0
of,854,1373,76.0,166.0,55.0,88.0,47,35,0
1.7,930,1373,89.0,76.0,55.0,88.0,58,33,0
km,1019,1373,91.0,89.0,55.0,88.0,60,33,0
x,1110,1373,54.0,91.0,55.0,88.0,23,23,0
1.7,1164,1373,89.0,54.0,55.0,88.0,59,34,0
km,1253,1373,92.0,89.0,55.0,88.0,60,32,0
repository.,1345,1373,292.0,92.0,55.0,88.0,235,44,0
Point,1637,1373,140.0,292.0,55.0,88.0,112,34,0
of,1777,1373,74.0,140.0,55.0,88.0,46,34,0
highest,1851,1373,1494.0,74.0,55.0,88.0,153,44,0
concentration,358,1424,516.0,1494.0,55.0,55.0,301,34,0
surface,874,1424,188.0,516.0,332.0,55.0,158,36,0
boundaries.,1062,1424,374.0,188.0,332.0,55.0,244,35,0
outside,689,1425,0,374.0,332.0,332.0,155,35,1
