word,x,y,x+1 dist,x-1 dist,y+1 dist,y-1 dist,width,height,table
Attachment,346,117,278.0,0,50.0,0,243,34,0
II-1,624,117,1221.0,278.0,50.0,0,91,35,0
DOE,1845,117,100.0,1221.0,50.0,0,70,35,0
6410.1,1945,117,1601.0,100.0,50.0,0,146,38,0
Page,345,166,130.0,1601.0,50.0,50.0,94,41,0
11-12,475,166,1376.0,130.0,147.0,50.0,117,35,0
5-26-83,1851,166,1487.0,1376.0,147.0,50.0,166,37,0
YEAR,371,310,351.0,1487.0,147.0,147.0,94,34,0
ACTIVITY,722,310,227.0,351.0,112.0,147.0,195,36,0
ELEMENTS,949,310,223.0,227.0,112.0,147.0,193,38,0
FOR,1172,310,100.0,223.0,112.0,147.0,71,36,0
FY,1272,310,79.0,100.0,112.0,147.0,46,34,0
1986,1351,310,124.0,79.0,112.0,147.0,91,35,0
PROJECTS,1475,310,398.0,124.0,112.0,147.0,194,36,0
TARGET,1873,310,174.0,398.0,112.0,147.0,144,37,0
DATES,2047,310,1733.0,174.0,112.0,147.0,120,35,0
FY,317,407,81.0,1733.0,112.0,112.0,45,35,0
1985,398,407,200.0,81.0,408.0,112.0,91,36,0
11.,598,407,123.0,200.0,408.0,112.0,65,34,0
Allotment,721,407,250.0,123.0,408.0,112.0,218,38,0
of,971,407,75.0,250.0,408.0,112.0,44,35,0
FY,1046,407,80.0,75.0,408.0,112.0,45,35,0
1985,1126,407,120.0,80.0,408.0,112.0,92,36,0
plant,1246,407,150.0,120.0,408.0,112.0,121,43,0
engineering,1396,407,481.0,150.0,408.0,112.0,272,44,0
10-84,1877,407,1158.0,481.0,408.0,112.0,117,36,0
and,721,458,101.0,1158.0,408.0,408.0,69,33,0
design,822,458,176.0,101.0,416.0,408.0,141,43,0
funds,998,458,151.0,176.0,416.0,408.0,115,35,0
for,1149,458,98.0,151.0,416.0,408.0,69,36,0
FY,1247,458,81.0,98.0,416.0,408.0,46,34,0
1986,1328,458,119.0,81.0,416.0,408.0,90,36,0
projects,1447,458,1134.0,119.0,416.0,408.0,195,42,0
FY,318,558,79.0,1134.0,416.0,416.0,44,35,0
1985,397,558,201.0,79.0,409.0,416.0,92,35,0
12.,598,558,122.0,201.0,409.0,416.0,65,35,0
Design,720,558,178.0,122.0,409.0,416.0,145,43,0
started,898,558,200.0,178.0,409.0,416.0,169,35,0
on,1098,558,74.0,200.0,409.0,416.0,42,28,0
FY,1172,558,79.0,74.0,409.0,416.0,45,35,0
1986,1251,558,120.0,79.0,409.0,416.0,91,37,0
projects,1371,558,225.0,120.0,409.0,416.0,196,41,0
with,1596,558,280.0,225.0,409.0,416.0,97,35,0
12-84,1876,558,1155.0,280.0,409.0,416.0,119,36,0
FY,723,608,77.0,1155.0,409.0,409.0,44,35,0
1985,800,608,122.0,77.0,53.0,409.0,93,37,0
plant,922,608,149.0,122.0,53.0,409.0,119,44,0
engineering,1071,608,301.0,149.0,53.0,409.0,271,45,0
and,1372,608,100.0,301.0,53.0,409.0,71,36,0
design,1472,608,750.0,100.0,53.0,409.0,144,43,0
funds.,724,660,416.0,750.0,53.0,53.0,138,37,0
FY,320,759,78.0,416.0,416.0,416.0,45,36,0
1985,398,759,201.0,78.0,100.0,416.0,92,36,0
13.,599,759,123.0,201.0,100.0,416.0,64,36,0
President's,722,759,301.0,123.0,100.0,416.0,267,36,0
budget,1023,759,176.0,301.0,100.0,416.0,143,43,0
submitted,1199,759,249.0,176.0,100.0,416.0,219,36,0
to,1448,759,73.0,249.0,100.0,416.0,45,33,0
Congress.,1521,759,356.0,73.0,100.0,416.0,218,43,0
1-85,1877,759,1561.0,356.0,100.0,416.0,90,36,0
FY,320,859,78.0,1561.0,100.0,100.0,45,35,0
1985,398,859,201.0,78.0,407.0,100.0,91,35,0
14.,599,859,123.0,201.0,407.0,100.0,64,36,0
Authorization,722,859,349.0,123.0,407.0,100.0,317,37,0
and,1071,859,101.0,349.0,407.0,100.0,71,34,0
appropriation,1172,859,351.0,101.0,407.0,100.0,320,44,0
acts,1523,859,351.0,351.0,407.0,100.0,94,33,0
6-85,1874,859,1153.0,351.0,407.0,100.0,94,36,0
passed.,723,913,1152.0,1153.0,407.0,407.0,165,41,0
9-85,1875,913,1557.0,1152.0,414.0,407.0,94,35,0
FY,321,1009,78.0,1557.0,414.0,414.0,43,35,0
1985,399,1009,201.0,78.0,404.0,414.0,91,35,0
15.,600,1009,121.0,201.0,404.0,414.0,63,35,0
Design,721,1009,175.0,121.0,404.0,414.0,143,42,0
completed,896,1009,248.0,175.0,404.0,414.0,220,41,0
with,1144,1009,128.0,248.0,404.0,414.0,97,34,0
FY,1272,1009,79.0,128.0,404.0,414.0,45,35,0
1985,1351,1009,122.0,79.0,404.0,414.0,93,36,0
plant,1473,1009,402.0,122.0,404.0,414.0,120,43,0
9-85,1875,1009,1156.0,402.0,404.0,414.0,94,35,0
engineering,721,1060,301.0,1156.0,404.0,404.0,270,43,0
and,1022,1060,100.0,301.0,414.0,404.0,70,33,0
design,1122,1060,178.0,100.0,414.0,404.0,144,41,0
funds.,1300,1060,986.0,178.0,414.0,404.0,140,36,0
FY,319,1158,79.0,986.0,414.0,414.0,45,34,0
1986,398,1158,202.0,79.0,409.0,414.0,92,36,0
16.,600,1158,121.0,202.0,409.0,414.0,63,35,0
OMB,721,1158,100.0,121.0,409.0,414.0,69,35,0
apportionment,821,1158,351.0,100.0,409.0,414.0,318,41,0
and,1172,1158,100.0,351.0,409.0,414.0,70,34,0
DOE,1272,1158,101.0,100.0,409.0,414.0,70,36,0
allotment,1373,1158,251.0,101.0,409.0,414.0,220,37,0
to,1624,1158,255.0,251.0,409.0,414.0,45,32,0
10-85,1879,1158,1157.0,255.0,409.0,414.0,115,36,0
field,724,1211,146.0,1157.0,409.0,409.0,118,35,0
organizations.,870,1211,559.0,146.0,416.0,409.0,344,44,0
FY,320,1310,79.0,559.0,416.0,416.0,44,35,0
1986,399,1310,200.0,79.0,1559.0,416.0,90,35,0
17.,599,1310,122.0,200.0,1559.0,416.0,64,36,0
Design,721,1310,175.0,122.0,1559.0,416.0,143,42,0
and/or,896,1310,176.0,175.0,1559.0,416.0,146,40,0
construction,1072,1310,328.0,176.0,1559.0,416.0,294,37,0
started.,1400,1310,478.0,328.0,1559.0,416.0,190,35,0
10-85,1878,1310,51.0,478.0,1559.0,416.0,116,36,0
12-85,1878,1361,0,51.0,1559.0,1559.0,116,36,0
