word,x,y,x+1 dist,x-1 dist,y+1 dist,y-1 dist,width,height,table
Table,699,556,141.0,0,242.0,0,111,34,0
2.,840,556,95.0,141.0,242.0,0,34,33,0
"Concentration,",935,556,357.0,95.0,242.0,0,323,40,1
Normalized,1292,556,262.0,357.0,242.0,0,233,34,0
Transuranic,1554,556,285.0,262.0,242.0,0,255,34,0
"Release,",1839,556,215.0,285.0,242.0,0,183,40,0
and,2054,556,1119.0,215.0,242.0,0,69,32,1
pH,936,602,71.0,1119.0,242.0,242.0,41,40,0
Values,1007,602,167.0,71.0,185.0,242.0,137,33,1
for,1174,602,94.0,167.0,185.0,242.0,65,32,0
Tests,1268,602,141.0,94.0,185.0,242.0,113,33,1
Containing,1409,602,264.0,141.0,185.0,242.0,235,41,0
SRL,1673,602,94.0,264.0,185.0,242.0,64,33,1
A,1767,602,46.0,94.0,185.0,242.0,20,31,0
Glass,1813,602,1007.0,46.0,185.0,242.0,116,33,1
Americium,816,742,236.0,1007.0,185.0,185.0,212,34,1
Concentrationa,1052,742,575.0,236.0,628.0,185.0,327,40,1
Plutonium,1627,742,234.0,575.0,628.0,185.0,209,34,1
Concentrationa,1861,742,577.0,234.0,628.0,185.0,333,41,1
Neptunium,2438,742,235.0,577.0,628.0,185.0,209,41,1
Concentrationa,2673,742,2479.0,235.0,628.0,185.0,322,40,1
Test,197,844,165.0,2479.0,628.0,628.0,90,35,1
Period,362,844,689.0,165.0,36.0,628.0,138,35,1
Acid,1051,844,835.0,689.0,36.0,628.0,92,35,1
Acid,1886,844,811.0,835.0,36.0,628.0,92,34,1
Acid,2697,844,2502.0,811.0,36.0,628.0,89,34,1
Type,196,879,171.0,2502.0,36.0,36.0,87,41,1
(days),367,879,235.0,171.0,288.0,36.0,130,43,1
pH,602,879,143.0,235.0,288.0,36.0,42,40,1
Unfiltered,745,879,308.0,143.0,288.0,36.0,232,36,1
Strip,1053,879,287.0,308.0,288.0,36.0,113,39,1
NL,1340,879,214.0,287.0,288.0,36.0,40,33,0
Unfiltered,1554,879,334.0,214.0,288.0,36.0,232,35,0
Strip,1888,879,266.0,334.0,288.0,36.0,112,42,1
NL,2154,879,214.0,266.0,288.0,36.0,39,32,0
Unfiltered,2368,879,330.0,214.0,288.0,36.0,230,34,0
Stripb,2698,879,259.0,330.0,288.0,36.0,136,53,1
ML,2957,879,2526.0,259.0,288.0,36.0,40,33,0
14,436,1037,143.0,2526.0,288.0,288.0,39,33,0
7.48,579,1037,190.0,143.0,51.0,288.0,89,35,0
3.6,769,1037,92.0,190.0,51.0,288.0,65,35,1
E-3,861,1037,168.0,92.0,51.0,288.0,67,34,1
4.43E-2,1029,1037,265.0,168.0,51.0,288.0,161,34,0
1.8,1294,1037,92.0,265.0,51.0,288.0,64,35,0
E-2,1386,1037,215.0,92.0,51.0,288.0,68,33,0
4.56E-2,1601,1037,264.0,215.0,51.0,288.0,162,35,1
6.79E-1,1865,1037,265.0,264.0,51.0,288.0,159,35,1
4.2E-1,2130,1037,287.0,265.0,51.0,288.0,135,35,1
1.39E-2,2417,1037,329.0,287.0,51.0,288.0,158,35,1
-,2746,1037,190.0,329.0,51.0,288.0,19,6,0
1.33,2936,1037,2503.0,190.0,51.0,288.0,87,34,1
28,434,1087,145.0,2503.0,51.0,51.0,41,33,1
7.15,579,1087,190.0,145.0,246.0,51.0,89,35,0
3.9,769,1087,91.0,190.0,246.0,51.0,64,35,0
E-3,860,1087,169.0,91.0,246.0,51.0,69,33,0
6.70E-2,1029,1087,264.0,169.0,246.0,51.0,161,35,1
2.8,1293,1087,93.0,264.0,246.0,51.0,65,34,0
E-2,1386,1087,216.0,93.0,246.0,51.0,67,33,0
3.58E-2,1602,1087,262.0,216.0,246.0,51.0,160,34,1
8.69E-1,1864,1087,267.0,262.0,246.0,51.0,160,35,1
5.4E-1,2131,1087,285.0,267.0,246.0,51.0,135,34,0
2.20E-2,2416,1087,331.0,285.0,246.0,51.0,159,35,0
-,2747,1087,188.0,331.0,246.0,51.0,18,8,1
2.10,2935,1087,2742.0,188.0,246.0,51.0,88,35,0
EJ-13,194,1137,239.0,2742.0,246.0,246.0,113,35,0
56,433,1137,144.0,239.0,245.0,246.0,40,33,1
5.94,577,1137,190.0,144.0,245.0,246.0,90,34,1
4.5,767,1137,93.0,190.0,245.0,246.0,66,35,0
E-3,860,1137,173.0,93.0,245.0,246.0,68,34,1
1.87E-1,1033,1137,260.0,173.0,245.0,246.0,155,34,1
7.6,1293,1137,92.0,260.0,245.0,246.0,65,34,0
E-2,1385,1137,218.0,92.0,245.0,246.0,68,32,1
5.29E-2,1603,1137,286.0,218.0,245.0,246.0,159,35,1
2.60,1889,1137,268.0,286.0,245.0,246.0,91,34,0
1.63,2157,1137,260.0,268.0,245.0,246.0,89,35,0
3.75E-2,2417,1137,330.0,260.0,245.0,246.0,158,35,0
-,2747,1137,189.0,330.0,245.0,246.0,18,8,1
3.75,2936,1137,2504.0,189.0,245.0,246.0,87,35,0
91,433,1188,145.0,2504.0,245.0,245.0,39,33,1
6.81,578,1188,190.0,145.0,53.0,245.0,87,35,1
4.9,768,1188,93.0,190.0,53.0,245.0,64,35,0
E-3,861,1188,168.0,93.0,53.0,245.0,67,34,1
3.21E-1,1029,1188,266.0,168.0,53.0,245.0,160,34,1
1.28E-1,1295,1188,309.0,266.0,53.0,245.0,156,35,1
7.29E-2,1604,1188,285.0,309.0,53.0,245.0,158,34,1
3.59,1889,1188,267.0,285.0,53.0,245.0,89,34,0
2.15,2156,1188,259.0,267.0,53.0,245.0,89,34,0
4.47E-2,2415,1188,331.0,259.0,53.0,245.0,160,34,1
-,2746,1188,189.0,331.0,53.0,245.0,20,8,0
4.15,2935,1188,2525.0,189.0,53.0,245.0,88,35,0
182,411,1236,169.0,2525.0,53.0,53.0,64,34,0
7.25,580,1236,189.0,169.0,98.0,53.0,87,34,1
5.6,769,1236,91.0,189.0,98.0,53.0,64,35,0
E-3,860,1236,169.0,91.0,98.0,53.0,68,33,1
6.38E-1,1029,1236,263.0,169.0,98.0,53.0,159,33,0
2.25E-1,1292,1236,310.0,263.0,98.0,53.0,159,36,1
3.7,1602,1236,94.0,310.0,98.0,53.0,65,34,0
E-3,1696,1236,193.0,94.0,98.0,53.0,66,33,1
3.13,1889,1236,269.0,193.0,98.0,53.0,90,34,0
1.67,2158,1236,259.0,269.0,98.0,53.0,87,35,1
2.95E-2,2417,1236,520.0,259.0,98.0,53.0,159,34,0
2.66,2937,1236,2504.0,520.0,98.0,53.0,87,33,1
14,435,1331,143.0,2504.0,98.0,98.0,39,33,0
6.86,578,1331,191.0,143.0,247.0,98.0,90,33,1
2.8,769,1331,92.0,191.0,247.0,98.0,64,35,1
E-3,861,1331,168.0,92.0,247.0,98.0,67,33,1
4.54E-2,1029,1331,265.0,168.0,247.0,98.0,162,34,1
1.6,1294,1331,92.0,265.0,247.0,98.0,64,35,1
E-2,1386,1331,217.0,92.0,247.0,98.0,67,34,1
3.16E-2,1603,1331,263.0,217.0,247.0,98.0,160,36,1
5.69E-1,1866,1331,266.0,263.0,247.0,98.0,159,35,1
3.3E-1,2132,1331,284.0,266.0,247.0,98.0,135,34,1
9.2,2416,1331,93.0,284.0,247.0,98.0,66,34,1
E-3,2509,1331,426.0,93.0,247.0,98.0,67,33,1
0.83,2935,1331,2743.0,426.0,247.0,98.0,88,34,1
EJ-13,193,1380,240.0,2743.0,247.0,247.0,113,34,1
28,433,1380,145.0,240.0,66.0,247.0,40,33,1
6.74,578,1380,193.0,145.0,66.0,247.0,90,34,1
1.58E-2,771,1380,259.0,193.0,66.0,247.0,157,35,1
2.40E-1,1030,1380,263.0,259.0,66.0,247.0,158,34,1
9.6,1293,1380,93.0,263.0,66.0,247.0,65,34,0
E-2,1386,1380,219.0,93.0,66.0,247.0,68,32,0
1.05E-1,1605,1380,286.0,219.0,66.0,247.0,156,34,1
1.53,1891,1380,240.0,286.0,66.0,247.0,88,34,0
9.3E-1,2131,1380,286.0,240.0,66.0,247.0,135,34,0
2.16E-2,2417,1380,331.0,286.0,66.0,247.0,159,34,1
-,2748,1380,188.0,331.0,66.0,247.0,18,8,0
0.43,2936,1380,2696.0,188.0,66.0,247.0,88,33,0
+,241,1424,192.0,2696.0,66.0,66.0,19,23,0
56,433,1424,144.0,192.0,71.0,66.0,41,33,1
6.90,577,1424,194.0,144.0,71.0,66.0,92,34,1
1.46E-2,771,1424,259.0,194.0,71.0,66.0,157,35,0
4.26E-1,1030,1424,265.0,259.0,71.0,66.0,158,35,0
1.16E-1,1295,1424,310.0,265.0,71.0,66.0,156,35,0
1.32E-1,1605,1424,284.0,310.0,71.0,66.0,157,35,1
4.16,1889,1424,268.0,284.0,71.0,66.0,90,35,1
1.65,2157,1424,260.0,268.0,71.0,66.0,89,35,1
4.78E-2,2417,1424,476.0,260.0,71.0,66.0,159,35,1
"""3.07",2893,1424,2701.0,476.0,71.0,66.0,132,38,0
Tuff,193,1475,239.0,2701.0,71.0,71.0,90,34,1
91,432,1475,146.0,239.0,223.0,71.0,41,33,1
6.86,578,1475,192.0,146.0,223.0,71.0,91,34,0
2.80E-2,770,1475,260.0,192.0,223.0,71.0,158,34,0
9.63E-1,1030,1475,264.0,260.0,223.0,71.0,159,35,0
2.54E-1,1294,1475,310.0,264.0,223.0,71.0,158,35,1
5.0,1604,1475,92.0,310.0,223.0,71.0,66,34,0
E-1,1696,1475,194.0,92.0,223.0,71.0,65,33,0
5.93,1890,1475,267.0,194.0,223.0,71.0,89,35,1
2.38,2157,1475,261.0,267.0,223.0,71.0,89,35,1
2.62E-2,2418,1475,331.0,261.0,223.0,71.0,158,36,0
-,2749,1475,188.0,331.0,223.0,71.0,18,8,0
3.C6,2937,1475,2528.0,188.0,223.0,71.0,89,34,1
182,410,1523,169.0,2528.0,223.0,223.0,64,33,0
7.18,579,1523,190.0,169.0,248.0,223.0,88,33,0
3.8,769,1523,93.0,190.0,248.0,223.0,64,34,1
1-3,862,1523,195.0,93.0,248.0,223.0,67,34,1
1.12,1057,1523,236.0,195.0,248.0,223.0,87,34,0
3.67E-1,1293,1523,309.0,236.0,248.0,223.0,159,36,1
9.5,1602,1523,95.0,309.0,248.0,223.0,67,34,1
E-3,1697,1523,190.0,95.0,248.0,223.0,67,33,0
4.03,1887,1523,269.0,190.0,248.0,223.0,91,35,1
2.02,2156,1523,261.0,269.0,248.0,223.0,89,34,1
2.14E-2,2417,1523,522.0,261.0,248.0,223.0,159,35,0
1.83,2939,1523,2752.0,522.0,248.0,223.0,86,35,0
a,190,1636,25.0,2752.0,248.0,248.0,19,25,0
Concentration,215,1636,338.0,25.0,437.0,248.0,308,34,1
is,553,1636,358.0,338.0,437.0,248.0,42,34,0
disintegrations/second/100,911,1636,764.0,358.0,437.0,248.0,616,45,0
solution.,1675,1636,1050.0,764.0,437.0,248.0,199,36,1
reported,626,1656,212.0,1050.0,437.0,437.0,185,38,1
as,838,1656,711.0,212.0,437.0,437.0,43,25,1
X,1549,1656,54.0,711.0,437.0,437.0,15,30,1
of,1603,1656,1412.0,54.0,437.0,437.0,41,33,1
b,192,1701,34.0,1412.0,437.0,437.0,20,33,1
No,216,1725,69.0,34.0,34.0,34.0,42,33,0
Np,285,1725,74.0,69.0,1869.0,34.0,44,41,0
could,359,1725,144.0,74.0,1869.0,34.0,115,35,1
be,503,1725,74.0,144.0,1869.0,34.0,42,34,0
detected,577,1725,217.0,74.0,1869.0,34.0,187,33,0
in,794,1725,71.0,217.0,1869.0,34.0,40,32,0
the,865,1725,92.0,71.0,1869.0,34.0,64,34,1
acid,957,1725,120.0,92.0,1869.0,34.0,91,34,0
strip,1077,1725,143.0,120.0,1869.0,34.0,114,42,1
due,1220,1725,98.0,143.0,1869.0,34.0,67,32,0
to,1318,1725,70.0,98.0,1869.0,34.0,41,31,1
overlap,1388,1725,192.0,70.0,1869.0,34.0,160,41,0
from,1580,1725,118.0,192.0,1869.0,34.0,91,32,1
the,1698,1725,95.0,118.0,1869.0,34.0,64,33,0
degraded,1793,1725,216.0,95.0,1869.0,34.0,186,41,1
Pu,2009,1725,76.0,216.0,1869.0,34.0,43,33,0
spectrum.,2084,1730,0,76.0,1869.0,1869.0,200,38,1
