word,x,y,x+1 dist,x-1 dist,y+1 dist,y-1 dist,width,height,table
4,313,154,633.0,0,633.0,0,10,19,0
Table,929,297,155.0,633.0,633.0,633.0,122,30,0
11.2--Cross-reference,1084,297,544.0,155.0,179.0,633.0,514,31,0
list,1628,297,123.0,544.0,179.0,633.0,95,33,0
of,1751,297,73.0,123.0,179.0,633.0,48,29,0
variablesContinued,1824,297,1049.0,73.0,179.0,633.0,490,33,0
Refer-,780,396,1166.0,1049.0,179.0,179.0,143,30,0
Refer-,1946,396,1440.0,1166.0,278.0,179.0,144,30,0
Variable,507,445,274.0,1440.0,278.0,278.0,195,31,0
encing,781,445,346.0,274.0,74.0,278.0,146,38,0
Variable,1127,445,547.0,346.0,74.0,278.0,196,30,0
Variable,1674,445,273.0,547.0,74.0,278.0,195,32,0
encing,1947,445,346.0,273.0,74.0,278.0,147,36,0
Variable,2293,445,1737.0,346.0,74.0,278.0,195,30,0
name,557,499,198.0,1737.0,74.0,74.0,95,20,0
programs,755,499,425.0,198.0,99.0,74.0,194,31,0
type,1180,499,544.0,425.0,99.0,74.0,94,35,0
name,1724,499,197.0,544.0,99.0,74.0,95,20,0
programs,1921,499,424.0,197.0,99.0,74.0,195,31,0
type,2345,499,1839.0,424.0,99.0,74.0,93,35,0
JE,508,584,47.0,1839.0,99.0,99.0,41,28,0
RR,555,584,197.0,47.0,250.0,99.0,45,29,0
HST3D,752,584,250.0,197.0,250.0,99.0,122,31,0
LOGICAL*4,1002,584,248.0,250.0,250.0,99.0,220,34,0
DIMENSION(200),1250,584,424.0,248.0,250.0,99.0,340,39,0
IHTCR,1674,584,245.0,424.0,250.0,99.0,119,30,0
HST3D,1919,584,252.0,245.0,250.0,99.0,122,31,0
INTEGER*4,2171,584,1420.0,252.0,250.0,99.0,215,33,0
ERROR1,752,635,250.0,1420.0,250.0,250.0,143,31,0
LOGICAL*4,1002,635,248.0,250.0,50.0,250.0,220,33,0
DIMENSION(200),1250,635,669.0,248.0,50.0,250.0,340,38,0
DUMP,1919,635,252.0,669.0,50.0,250.0,97,31,0
INTEGER*4,2171,635,1421.0,252.0,50.0,250.0,215,33,0
ERROR2,751,684,249.0,1421.0,50.0,50.0,146,30,0
LOGICAL*4,1000,684,248.0,249.0,50.0,50.0,222,33,0
DIMENSION(200),1248,684,674.0,248.0,50.0,50.0,342,38,0
INIT1,1922,684,248.0,674.0,50.0,50.0,116,32,0
INTEGER*4,2170,684,1420.0,248.0,50.0,50.0,216,32,0
ERROR3,751,734,251.0,1420.0,50.0,50.0,147,32,0
LOGICAL*4,1002,734,247.0,251.0,51.0,50.0,221,34,0
DIMENSION(200),1249,734,673.0,247.0,51.0,50.0,342,38,0
INIT2,1922,734,248.0,673.0,51.0,50.0,119,31,0
INTEGER*4,2170,734,1419.0,248.0,51.0,50.0,217,33,0
ERRPRT,752,784,249.0,1419.0,51.0,51.0,147,32,0
LOGICAL*4,1001,784,248.0,249.0,50.0,51.0,221,34,0
DIMENSION(200),1249,784,670.0,248.0,50.0,51.0,341,39,0
READ1,1919,784,251.0,670.0,50.0,51.0,119,31,0
INTEGER*4,2170,784,1416.0,251.0,50.0,51.0,217,34,0
INIT2,755,833,246.0,1416.0,50.0,50.0,117,31,0
LOGICAL*4,1001,833,248.0,246.0,49.0,50.0,220,34,0
DIMENSION(200),1249,833,670.0,248.0,49.0,50.0,341,38,0
WBBAL,1919,833,251.0,670.0,49.0,50.0,122,31,0
INTEGER*4,2170,833,1416.0,251.0,49.0,50.0,216,33,0
IREW1,755,882,245.0,1416.0,49.0,49.0,115,30,0
LOGICAL*4,1000,882,248.0,245.0,50.0,49.0,222,34,0
DIMENSION(200),1248,882,671.0,248.0,50.0,49.0,341,38,0
WELLSS,1919,882,251.0,671.0,50.0,49.0,146,31,0
INTEGER*4,2170,882,1417.0,251.0,50.0,49.0,216,34,0
ITER,754,931,247.0,1417.0,50.0,50.0,95,30,0
LOGICAL*4,1001,931,247.0,247.0,50.0,50.0,221,34,0
DIMENSION(200),1248,931,501.0,247.0,50.0,50.0,341,39,0
READ1,750,980,250.0,501.0,50.0,50.0,121,31,0
LOGICAL*4,1000,980,248.0,250.0,52.0,50.0,222,36,0
DIMENSION(200),1248,980,426.0,248.0,52.0,50.0,342,40,0
IHWT,1674,980,244.0,426.0,52.0,50.0,94,31,0
HST3D,1918,980,252.0,244.0,52.0,50.0,124,32,0
INTEGER*4,2170,980,1420.0,252.0,52.0,50.0,216,34,0
READ2,751,1031,250.0,1420.0,52.0,52.0,122,30,0
LOGICAL*4,1001,1031,247.0,250.0,50.0,52.0,221,34,0
DIMENSION(200),1248,1031,500.0,247.0,50.0,52.0,342,38,1
READ3,751,1081,250.0,500.0,50.0,50.0,122,32,0
LOGICAL*4,1001,1081,248.0,250.0,49.0,50.0,220,34,0
DIMENSION(200),1249,1081,426.0,248.0,49.0,50.0,340,39,0
II,1675,1081,243.0,426.0,49.0,50.0,40,30,0
ASEMBL,1918,1081,252.0,243.0,49.0,50.0,148,30,0
INTEGER*4,2170,1081,1420.0,252.0,49.0,50.0,216,32,0
REWI,751,1130,250.0,1420.0,49.0,49.0,95,30,0
LOGICAL*4,1001,1130,247.0,250.0,50.0,49.0,221,34,0
DIMENSION(200),1248,1130,670.0,247.0,50.0,49.0,341,38,0
MAP2D,1918,1130,252.0,670.0,50.0,49.0,123,31,0
INTEGER*4,2170,1130,1420.0,252.0,50.0,49.0,216,33,0
REWI3,751,1180,250.0,1420.0,50.0,50.0,121,32,0
LOGICAL*4,1001,1180,247.0,250.0,51.0,50.0,221,35,0
DIMENSION(200),1248,1180,499.0,247.0,51.0,50.0,342,39,0
SOR2L,752,1230,248.0,499.0,51.0,51.0,122,32,0
LOGICAL*4,1000,1230,248.0,248.0,51.0,51.0,222,35,0
DIMENSION(200),1248,1230,426.0,248.0,51.0,51.0,342,39,0
Ill,1674,1230,245.0,426.0,51.0,51.0,66,30,0
SOR2L,1919,1230,250.0,245.0,51.0,51.0,122,31,0
INTEGER*4,2169,1230,1417.0,250.0,51.0,51.0,218,33,0
SUMCAL,753,1280,249.0,1417.0,51.0,51.0,147,31,0
LOGICAL*4,1002,1280,247.0,249.0,924.0,51.0,221,35,0
DIMENSION,1249,1280,230.0,247.0,924.0,51.0,222,32,0
(200),1479,1280,203.0,230.0,924.0,51.0,112,38,0
1112,1675,1331,245.0,203.0,924.0,924.0,92,30,0
PRNTAR,1920,1331,249.0,245.0,1171.0,924.0,147,31,0
CHARACTER*4,2169,1331,1664.0,249.0,1171.0,924.0,267,34,0
IF,506,1380,51.0,1664.0,1171.0,1171.0,44,30,0
12,557,1380,195.0,51.0,1170.0,1171.0,42,31,0
PRNTAR,752,1380,250.0,195.0,1170.0,1171.0,147,31,0
CHARACTER*,1002,1380,249.0,250.0,1170.0,1171.0,245,33,0
4,1251,1380,426.0,249.0,1170.0,1171.0,21,32,0
II1P1,1674,1429,246.0,426.0,1170.0,1170.0,116,31,0
SOR2L,1920,1429,251.0,246.0,1171.0,1170.0,122,31,0
INTEGER*4,2171,1429,1667.0,251.0,1171.0,1170.0,217,34,0
IFACE,505,1478,249.0,1667.0,1171.0,1171.0,119,31,0
IRE,754,1478,71.0,249.0,1172.0,1171.0,69,30,0
WI,825,1478,178.0,71.0,1172.0,1171.0,46,30,0
INTEGER*4,1003,1478,674.0,178.0,1172.0,1171.0,219,34,0
1111,1675,1527,244.0,674.0,1172.0,1172.0,94,31,0
HST3D,1919,1527,251.0,244.0,1171.0,1172.0,124,31,0
INTEGER*4,2170,1527,1665.0,251.0,1171.0,1172.0,218,34,0
IFMT,506,1576,246.0,1665.0,1171.0,1171.0,95,31,0
PRNTAR,752,1576,252.0,246.0,250.0,1171.0,147,31,0
INTEGER*4,1004,1576,915.0,252.0,250.0,1171.0,218,34,0
DUMP,1919,1576,252.0,915.0,250.0,1171.0,99,32,0
INTEGER*4,2171,1576,1421.0,252.0,250.0,1171.0,216,34,0
WRITE2,751,1624,253.0,1421.0,250.0,250.0,146,31,0
INTEGER*4,1004,1624,919.0,253.0,1170.0,250.0,218,35,0
INIT1,1923,1624,248.0,919.0,1170.0,250.0,116,31,0
INTEGER*4,2171,1624,257.0,248.0,1170.0,250.0,216,35,0
READ1,1919,1674,251.0,257.0,1170.0,1170.0,119,33,0
INTEGER*4,2170,1674,1666.0,251.0,1415.0,1170.0,217,34,0
IFORM,505,1727,246.0,1666.0,1415.0,1415.0,120,31,0
PRNTAR,751,1727,250.0,246.0,1171.0,1415.0,148,30,0
CHARACTER*84,1001,1727,676.0,250.0,1171.0,1415.0,295,34,0
II2Z,1675,1773,243.0,676.0,1171.0,1171.0,93,31,0
HST3D,1918,1773,252.0,243.0,1170.0,1171.0,124,32,0
INTEGER*4,2170,1773,1664.0,252.0,1170.0,1171.0,217,34,0
IFRAC,507,1822,245.0,1664.0,1170.0,1170.0,117,31,0
HST3D,752,1822,252.0,245.0,1417.0,1170.0,122,31,0
INTEGER*4,1004,1822,915.0,252.0,1417.0,1170.0,218,35,0
DUMP,1919,1822,252.0,915.0,1417.0,1170.0,99,32,0
INTEGER*4,2171,1822,253.0,252.0,1417.0,1170.0,216,34,0
INIT1,1923,1872,248.0,253.0,1417.0,1417.0,116,31,0
INTEGER*4,2171,1872,1666.0,248.0,1418.0,1417.0,216,33,0
IG12,506,1920,246.0,1666.0,1418.0,1418.0,92,31,0
PRNTAR,752,1920,250.0,246.0,99.0,1418.0,147,31,0
CHARACTER*6,1002,1920,917.0,250.0,99.0,1418.0,269,34,0
READ1,1919,1920,252.0,917.0,99.0,1418.0,119,32,0
INTEGER*4,2171,1920,1668.0,252.0,99.0,1418.0,216,35,0
IHDPRT,506,2019,245.0,1668.0,99.0,99.0,144,30,0
HST3D,751,2019,252.0,245.0,1175.0,99.0,123,31,0
INTEGER*4,1003,2019,672.0,252.0,1175.0,99.0,219,35,0
113,1675,2019,245.0,672.0,1175.0,99.0,68,31,0
SOR2L,1920,2019,250.0,245.0,1175.0,99.0,122,31,0
INTEGER*4,2170,2019,504.0,250.0,1175.0,99.0,216,34,0
1132,1676,2117,245.0,504.0,1175.0,1175.0,92,32,0
ZONPLT,1921,2117,250.0,245.0,263.0,1175.0,146,32,0
INTEGER*4,2171,2117,271.0,250.0,263.0,1175.0,215,34,0
PRNTAR,1919,2216,249.0,271.0,263.0,263.0,148,32,0
CHARACTER*6,2168,2216,494.0,249.0,245.0,263.0,266,34,0
115,1675,2221,0,494.0,245.0,245.0,67,31,0
