word,x,y,x+1 dist,x-1 dist,y+1 dist,y-1 dist,width,height,table
os-,2261,102,1668.0,0,1668.0,0,173,76,0
Table,610,339,154.0,1668.0,1668.0,1668.0,125,35,0
2.--Lithologic,764,339,376.0,154.0,272.0,1668.0,345,44,0
log,1140,339,99.0,376.0,272.0,1668.0,69,44,0
and,1239,339,101.0,99.0,272.0,1668.0,70,33,0
stratigraphic,1340,339,349.0,101.0,272.0,1668.0,319,44,0
description,1689,339,814.0,349.0,272.0,1668.0,269,44,0
of,877,389,74.0,814.0,272.0,272.0,45,36,0
drill,951,389,151.0,74.0,607.0,272.0,114,35,0
hole,1102,389,125.0,151.0,607.0,272.0,94,34,1
USW,1227,389,101.0,125.0,607.0,272.0,71,34,0
VH-2--continued,1328,389,204.0,101.0,607.0,272.0,369,35,0
Depth,1464,540,223.0,204.0,607.0,607.0,119,43,0
Thickness,1687,540,252.0,223.0,1148.0,607.0,221,34,1
of,1939,540,77.0,252.0,1148.0,607.0,46,34,0
"interval,",2016,540,1700.0,77.0,1148.0,607.0,212,41,0
Stratigraphic,317,571,347.0,1700.0,1148.0,1148.0,316,44,0
and,664,571,102.0,347.0,1146.0,1148.0,69,35,0
rock,766,571,122.0,102.0,1146.0,1148.0,91,35,0
descriptionl,888,571,999.0,122.0,1146.0,1148.0,292,62,0
meters,1887,571,426.0,999.0,1146.0,1148.0,145,34,1
meters,1462,591,45.0,426.0,1146.0,1146.0,145,32,0
(feet),1469,635,425.0,45.0,45.0,45.0,136,45,0
(feet),1894,635,1582.0,425.0,1158.0,45.0,136,45,0
Paintbrush,316,738,270.0,1582.0,1158.0,1158.0,243,35,0
Tuff,586,738,231.0,270.0,69.0,1158.0,99,35,0
Topopah,361,789,203.0,231.0,69.0,69.0,172,44,0
Spring,564,789,173.0,203.0,73.0,69.0,144,42,0
Member,737,789,330.0,173.0,73.0,69.0,147,35,0
"Tuff,",412,841,153.0,330.0,73.0,73.0,118,42,0
"ash-flow,",565,841,250.0,153.0,71.0,73.0,214,40,0
"grayish-red,",815,841,356.0,250.0,71.0,73.0,287,42,0
moderately,463,890,272.0,356.0,71.0,71.0,244,43,0
"welded,",735,890,202.0,272.0,52.0,71.0,169,41,0
devitrified;,937,890,475.0,202.0,52.0,71.0,291,41,0
"pumice,",465,941,196.0,475.0,52.0,52.0,163,43,1
"yellowish-gray,",661,941,403.0,196.0,51.0,52.0,369,43,0
as,1064,941,73.0,403.0,51.0,52.0,43,26,0
much,1137,941,675.0,73.0,51.0,52.0,96,34,0
as,464,991,76.0,675.0,51.0,51.0,43,26,0
3,540,991,48.0,76.0,49.0,51.0,19,34,0
cm,588,991,76.0,48.0,49.0,51.0,46,26,0
long.,664,991,175.0,76.0,49.0,51.0,114,43,0
"Phenocrysts,",839,991,325.0,175.0,49.0,51.0,289,42,0
5,1164,991,701.0,325.0,49.0,51.0,19,34,0
"percent,",465,1039,222.0,701.0,49.0,49.0,190,41,0
mostly,687,1039,178.0,222.0,49.0,49.0,146,42,0
feldspar,865,1039,224.0,178.0,49.0,49.0,194,44,0
and,1089,1039,327.0,224.0,49.0,49.0,69,33,0
777.2-777.8,1416,1039,600.0,327.0,49.0,49.0,269,36,0
0.6,2016,1039,1553.0,600.0,49.0,49.0,68,35,0
biotite,464,1087,930.0,1553.0,49.0,49.0,168,36,0
"(2,550-2,552)",1394,1087,600.0,930.0,117.0,49.0,309,45,0
(2),1994,1087,1587.0,600.0,117.0,49.0,60,45,0
"Tuff,",411,1191,153.0,1587.0,117.0,117.0,118,41,0
"ash-flow,",564,1191,250.0,153.0,73.0,117.0,215,41,0
grayish-red,814,1191,299.0,250.0,73.0,117.0,269,43,0
to,1113,1191,651.0,299.0,73.0,117.0,45,32,0
"dark-reddish-brown,",464,1241,497.0,651.0,73.0,73.0,464,41,0
moderately,961,1241,500.0,497.0,52.0,73.0,246,43,0
to,464,1293,74.0,500.0,52.0,52.0,46,32,0
densely,538,1293,199.0,74.0,50.0,52.0,170,42,0
welded,737,1293,179.0,199.0,50.0,52.0,146,35,0
in,916,1293,74.0,179.0,50.0,52.0,42,34,0
lower,990,1293,528.0,74.0,50.0,52.0,120,35,0
"part,",465,1342,147.0,528.0,50.0,50.0,114,41,0
devitrified;,612,1342,326.0,147.0,51.0,50.0,291,40,0
"pumice,",938,1342,200.0,326.0,51.0,50.0,164,43,0
very,1138,1342,675.0,200.0,51.0,50.0,94,34,0
light,465,1393,151.0,675.0,51.0,51.0,119,43,0
gray,616,1393,124.0,151.0,49.0,51.0,93,34,0
and,740,1393,97.0,124.0,49.0,51.0,69,34,1
moderate-red-,837,1393,377.0,97.0,49.0,51.0,322,34,0
"brown,",464,1441,174.0,377.0,49.0,49.0,140,39,0
as,638,1441,74.0,174.0,48.0,49.0,43,26,0
much,712,1441,126.0,74.0,48.0,49.0,94,35,0
as,838,1441,76.0,126.0,48.0,49.0,43,26,0
3,914,1441,48.0,76.0,48.0,49.0,19,34,0
cm,962,1441,496.0,48.0,48.0,49.0,47,26,0
(1.2,469,1488,121.0,496.0,48.0,48.0,90,46,0
in.),590,1488,125.0,121.0,53.0,48.0,89,45,0
long.,715,1488,175.0,125.0,53.0,48.0,113,43,1
"Phenocrysts,",890,1488,428.0,175.0,53.0,48.0,289,43,0
10-15,466,1540,147.0,428.0,53.0,53.0,117,35,0
"percent,",613,1540,225.0,147.0,52.0,53.0,191,41,0
are,838,1540,101.0,225.0,52.0,53.0,69,26,0
sanidine,939,1540,223.0,101.0,52.0,53.0,193,35,0
and,1162,1540,699.0,223.0,52.0,53.0,70,34,1
plagioclase,465,1591,297.0,699.0,52.0,52.0,269,44,0
with,762,1591,130.0,297.0,47.0,52.0,96,35,0
rare,892,1591,122.0,130.0,47.0,52.0,92,26,1
"biotite,",1014,1591,402.0,122.0,47.0,52.0,189,41,0
777.8-782,1416,1591,599.0,402.0,47.0,52.0,219,36,0
4.2,2015,1591,1553.0,599.0,47.0,52.0,69,36,0
"quartz,",463,1637,200.0,1553.0,47.0,47.0,165,41,0
and,663,1637,99.0,200.0,118.0,47.0,69,33,0
clinopyroxene,762,1637,632.0,99.0,118.0,47.0,320,44,0
"(2,552-2,565.5)",1394,1637,576.0,632.0,118.0,47.0,359,46,0
(13.5),1970,1637,1563.0,576.0,118.0,47.0,135,45,0
"Tuff,",411,1742,152.0,1563.0,118.0,118.0,119,41,0
"ash-flow,",563,1742,251.0,152.0,73.0,118.0,216,41,0
grayish-red-,814,1742,353.0,251.0,73.0,118.0,294,43,0
purple,465,1790,172.0,353.0,73.0,73.0,143,44,0
to,637,1790,77.0,172.0,53.0,73.0,45,32,0
"light-brownish-gray,",714,1790,257.0,77.0,53.0,73.0,489,44,0
densely,463,1842,199.0,257.0,53.0,53.0,169,43,0
"welded,",662,1842,201.0,199.0,51.0,53.0,165,41,0
devitrified;,863,1842,402.0,201.0,51.0,53.0,290,40,0
"pumice,",465,1892,199.0,402.0,51.0,51.0,163,43,0
as,664,1892,73.0,199.0,47.0,51.0,42,26,0
much,737,1892,126.0,73.0,47.0,51.0,94,35,1
as,863,1892,75.0,126.0,47.0,51.0,43,26,0
4,938,1892,50.0,75.0,47.0,51.0,20,34,1
cm,988,1892,521.0,50.0,47.0,51.0,47,25,0
(1.6,470,1938,120.0,521.0,47.0,47.0,89,45,0
in.),590,1938,125.0,120.0,54.0,47.0,89,45,0
long.,715,1938,175.0,125.0,54.0,47.0,113,43,0
"Phenocrysts,",890,1938,325.0,175.0,54.0,47.0,289,42,0
5,1215,1938,752.0,325.0,54.0,47.0,19,34,0
"percent,",465,1991,224.0,752.0,54.0,54.0,188,40,1
similar,689,1991,198.0,224.0,52.0,54.0,169,35,0
to,887,1991,75.0,198.0,52.0,54.0,45,32,0
those,962,1991,151.0,75.0,52.0,54.0,120,34,0
in,1113,1991,652.0,151.0,52.0,54.0,43,34,0
overlying,464,2042,250.0,652.0,52.0,52.0,220,47,0
unit.,714,2042,175.0,250.0,46.0,52.0,115,35,1
Numerous,889,2042,226.0,175.0,46.0,52.0,194,34,0
small,1115,2042,653.0,226.0,46.0,52.0,112,34,0
faults',464,2088,199.0,653.0,46.0,46.0,170,38,0
and,663,2088,100.0,199.0,51.0,46.0,69,33,0
fractures,763,2088,251.0,100.0,51.0,46.0,219,35,0
791-793,1014,2088,197.0,251.0,51.0,46.0,169,34,0
m,1211,2088,748.0,197.0,51.0,46.0,23,25,0
"2,595-2,061",465,2138,300.0,748.0,51.0,51.0,268,41,0
ft),765,2138,100.0,300.0,51.0,51.0,64,44,0
containing,865,2138,274.0,100.0,51.0,51.0,244,44,0
clay,1139,2138,126.0,274.0,51.0,51.0,94,43,0
and,1265,2138,189.0,126.0,51.0,51.0,69,34,0
782-793,1454,2138,539.0,189.0,51.0,51.0,170,34,0
11,1993,2138,1529.0,539.0,51.0,51.0,40,34,0
breccia,465,2189,867.0,1529.0,51.0,51.0,167,35,0
"(2,565.5-2,601)",1332,2189,637.0,867.0,449.0,51.0,359,45,0
(35.5),1969,2189,1944.0,637.0,449.0,51.0,136,45,0
,28,2290,383.0,1944.0,449.0,449.0,8,10,0
"Tuff,",411,2290,153.0,383.0,441.0,449.0,119,41,0
"ash-flow,",564,2290,252.0,153.0,441.0,449.0,215,41,0
similar,816,2290,198.0,252.0,441.0,449.0,169,35,0
to,1014,2290,75.0,198.0,441.0,449.0,45,32,0
unit,1089,2290,627.0,75.0,441.0,449.0,93,35,0
"above,",465,2342,174.0,627.0,441.0,441.0,139,41,0
but,639,2342,100.0,174.0,49.0,441.0,68,34,0
locally,739,2342,197.0,100.0,49.0,441.0,168,43,0
mottled,936,2342,202.0,197.0,49.0,441.0,171,37,0
and,1138,2342,675.0,202.0,49.0,441.0,69,34,0
containing,465,2391,275.0,675.0,49.0,49.0,244,43,0
very,740,2391,125.0,275.0,52.0,49.0,94,33,0
pale,865,2391,123.0,125.0,52.0,49.0,95,44,1
to,988,2391,76.0,123.0,52.0,49.0,46,32,0
dark-,1064,2391,606.0,76.0,52.0,49.0,120,35,0
yellowish-orange,461,2442,428.0,606.0,52.0,52.0,397,43,0
"pumice,",889,2442,196.0,428.0,50.0,52.0,164,43,0
mostly,1085,2442,621.0,196.0,50.0,52.0,148,42,0
2-4,466,2491,99.0,621.0,50.0,50.0,70,34,0
cm,565,2491,79.0,99.0,47.0,50.0,46,26,0
(0.8-1.6,644,2491,221.0,79.0,47.0,50.0,190,45,0
in.),865,2491,125.0,221.0,47.0,50.0,90,45,0
long;,990,2491,477.0,125.0,47.0,50.0,115,43,0
793-801.5,1467,2491,549.0,477.0,47.0,50.0,217,36,0
8.5,2016,2491,1551.0,549.0,47.0,50.0,69,36,0
partly,466,2538,174.0,1551.0,47.0,47.0,142,43,0
vitric,640,2538,175.0,174.0,1002.0,47.0,143,35,0
in,815,2538,74.0,175.0,1002.0,47.0,41,35,0
places,889,2538,506.0,74.0,1002.0,47.0,142,43,0
"(2,601-2,630)",1395,2538,575.0,506.0,1002.0,47.0,309,45,0
(29),1970,2538,929.0,575.0,1002.0,47.0,85,46,0
21,1265,3142,0,929.0,1002.0,1002.0,42,35,0
