word,x,y,x+1 dist,x-1 dist,y+1 dist,y-1 dist,width,height,table
Table,827,212,108.0,0,839.0,0,87,26,0
3.--lithologic,935,212,269.0,108.0,839.0,0,247,31,0
log,1204,212,71.0,269.0,839.0,0,49,31,0
of,1275,212,54.0,71.0,839.0,0,33,25,0
drill,1329,212,107.0,54.0,839.0,0,81,26,0
hole,1436,212,90.0,107.0,839.0,0,69,26,0
USW-G1--Continued,1526,212,163.0,90.0,839.0,0,302,26,0
Thickness,1661,302,360.0,163.0,839.0,839.0,158,28,0
Depth,2021,302,108.0,360.0,65.0,839.0,85,31,0
to,2129,302,416.0,108.0,65.0,839.0,33,24,0
of,1715,338,322.0,416.0,65.0,65.0,33,26,0
bottom,2037,338,1397.0,322.0,1075.0,65.0,107,25,0
Stratigraphic,641,374,249.0,1397.0,1075.0,1075.0,227,31,0
and,890,374,72.0,249.0,1401.0,1075.0,51,25,0
lithologic,962,374,196.0,72.0,1401.0,1075.0,174,31,0
description,1158,374,522.0,196.0,1401.0,1075.0,193,32,0
interval,1680,374,394.0,522.0,1401.0,1075.0,133,26,0
of,2074,374,51.0,394.0,1401.0,1075.0,34,26,0
interval,2041,412,344.0,51.0,1401.0,1401.0,133,26,0
(feet),1699,443,360.0,344.0,344.0,344.0,97,31,0
(feet),2059,443,1584.0,360.0,1225.0,344.0,99,30,0
Ash-flow,478,535,162.0,1584.0,1225.0,1225.0,142,27,0
and,640,535,69.0,162.0,52.0,1225.0,49,26,0
bedded,709,535,128.0,69.0,52.0,1225.0,107,26,0
tuff--Continued,837,535,325.0,128.0,52.0,1225.0,265,27,0
Unit,515,571,88.0,325.0,52.0,52.0,68,26,0
C--Continued,603,571,66.0,88.0,51.0,52.0,212,27,0
"Tuff,",549,608,109.0,66.0,51.0,51.0,85,30,0
"ash-flow,",658,608,178.0,109.0,51.0,51.0,154,32,0
light-olive-gray,836,608,306.0,178.0,51.0,51.0,283,32,0
to,1142,608,53.0,306.0,51.0,51.0,31,23,0
"greenish-gray,",1195,608,266.0,53.0,51.0,51.0,244,31,0
moder-,1461,608,876.0,266.0,51.0,51.0,106,26,0
ately,586,643,106.0,876.0,51.0,51.0,85,31,0
"welded,",692,643,144.0,106.0,36.0,51.0,121,32,0
"devitrified,",836,643,235.0,144.0,36.0,51.0,209,30,0
slightly,1071,643,160.0,235.0,36.0,51.0,137,32,0
zeolitic,1231,643,160.0,160.0,36.0,51.0,138,26,0
and,1391,643,73.0,160.0,36.0,51.0,51,26,0
sili-,1464,643,880.0,73.0,36.0,51.0,85,26,0
cified;,585,678,142.0,880.0,36.0,36.0,118,30,0
"pumice,",727,678,144.0,142.0,37.0,36.0,120,32,0
"grayish-green,",871,678,268.0,144.0,37.0,36.0,245,32,0
"greenish-gray,",1139,678,270.0,268.0,37.0,36.0,247,32,0
and,1409,678,73.0,270.0,37.0,36.0,51,25,0
dark-,1482,678,898.0,73.0,37.0,36.0,84,25,0
"greenish-gray,",585,715,270.0,898.0,37.0,37.0,244,32,0
"zeolitic,",855,715,177.0,270.0,37.0,37.0,154,31,0
commonly,1032,715,161.0,177.0,37.0,37.0,140,31,0
less,1193,715,90.0,161.0,37.0,37.0,68,26,0
than,1283,715,91.0,90.0,37.0,37.0,68,25,0
1,1374,715,34.0,91.0,37.0,37.0,12,25,0
cm;,1408,715,74.0,34.0,37.0,37.0,48,24,0
15-20,1482,715,898.0,74.0,37.0,37.0,85,27,0
percent,585,752,144.0,898.0,37.0,37.0,123,30,0
phenocrysts,729,752,215.0,144.0,36.0,37.0,193,32,0
of,944,752,55.0,215.0,36.0,37.0,33,25,0
"sanidine,",999,752,178.0,55.0,36.0,37.0,153,30,0
"plagioclase,",1177,752,233.0,178.0,36.0,37.0,208,32,0
and,1410,752,70.0,233.0,36.0,37.0,50,25,0
biotite;,1480,752,895.0,70.0,36.0,37.0,138,30,0
sparse,586,787,124.0,895.0,36.0,36.0,103,25,0
lithic,710,787,127.0,124.0,37.0,36.0,103,27,0
"fragments,",837,787,196.0,127.0,37.0,36.0,172,32,0
dark-reddish-brown,1033,787,339.0,196.0,37.0,36.0,317,27,0
and,1372,787,71.0,339.0,37.0,36.0,51,25,0
brownish-,1443,787,858.0,71.0,37.0,36.0,159,25,0
"gray,",586,824,107.0,858.0,37.0,37.0,83,26,0
rhyolitic,693,824,180.0,107.0,35.0,37.0,157,32,0
to,873,824,54.0,180.0,35.0,37.0,33,24,0
intermediate,927,824,232.0,54.0,35.0,37.0,211,26,0
in,1159,824,53.0,232.0,35.0,37.0,32,25,0
"composition,",1212,824,232.0,53.0,35.0,37.0,209,31,0
commonly,1444,824,859.0,232.0,35.0,37.0,141,31,0
5,586,859,33.0,859.0,35.0,35.0,14,25,0
mm,619,859,56.0,33.0,37.0,35.0,36,18,0
to,675,859,53.0,56.0,37.0,35.0,33,25,0
2.5,728,859,72.0,53.0,37.0,35.0,51,26,0
cm;,800,859,71.0,72.0,37.0,35.0,47,24,0
lower,871,859,108.0,71.0,37.0,35.0,89,26,0
0.4,979,859,72.0,108.0,37.0,35.0,51,26,0
ft,1051,859,52.0,72.0,37.0,35.0,33,26,0
contains,1103,859,162.0,52.0,37.0,35.0,140,26,0
pumice,1265,859,126.0,162.0,37.0,35.0,104,31,0
altered,1391,859,144.0,126.0,37.0,35.0,122,26,0
to,1535,859,951.0,144.0,37.0,35.0,33,25,0
clay,585,895,91.0,951.0,37.0,37.0,69,31,0
and,676,895,71.0,91.0,82.0,37.0,50,25,0
zeolites,747,895,967.0,71.0,82.0,37.0,140,26,0
24.2,1714,895,308.0,967.0,82.0,37.0,68,27,0
"5,935.2",2022,895,1475.0,308.0,82.0,37.0,120,30,0
"Tuff,",549,968,105.0,1475.0,82.0,82.0,84,30,0
"bedded,",654,968,145.0,105.0,51.0,82.0,121,30,0
"air-fall,",799,968,180.0,145.0,51.0,82.0,156,30,1
"light-greenish-gray,",979,968,376.0,180.0,51.0,82.0,352,32,0
grayish-,1355,968,771.0,376.0,51.0,82.0,138,31,0
"green,",585,1003,125.0,771.0,51.0,51.0,101,25,0
"light-brownish-gray,",710,1003,376.0,125.0,36.0,51.0,353,32,0
and,1086,1003,71.0,376.0,36.0,51.0,51,25,0
"brownish-gray,",1157,1003,269.0,71.0,36.0,51.0,246,33,0
well-,1426,1003,842.0,269.0,36.0,51.0,86,26,0
"indurated,",585,1039,194.0,842.0,36.0,36.0,173,29,0
beds,779,1039,91.0,194.0,36.0,36.0,70,26,0
commonly,870,1039,164.0,91.0,36.0,36.0,142,30,0
5,1034,1039,32.0,164.0,36.0,36.0,13,26,0
mm,1066,1039,56.0,32.0,36.0,36.0,35,19,0
to,1122,1039,53.0,56.0,36.0,36.0,33,24,0
3.0,1175,1039,72.0,53.0,36.0,36.0,51,25,0
cm,1247,1039,54.0,72.0,36.0,36.0,33,20,0
in,1301,1039,54.0,54.0,36.0,36.0,31,25,0
thickness;,1355,1039,771.0,54.0,36.0,36.0,173,31,0
pumice,585,1075,125.0,771.0,36.0,36.0,105,32,0
and,710,1075,72.0,125.0,34.0,36.0,51,25,0
lithic,782,1075,127.0,72.0,34.0,36.0,103,26,0
"fragments,",909,1075,195.0,127.0,34.0,36.0,171,31,0
commonly,1104,1075,162.0,195.0,34.0,36.0,140,31,0
less,1266,1075,89.0,162.0,34.0,36.0,68,27,0
than,1355,1075,90.0,89.0,34.0,36.0,68,26,0
5,1445,1075,34.0,90.0,34.0,36.0,14,25,0
mm;,1479,1075,897.0,34.0,34.0,36.0,48,24,0
beds,583,1108,91.0,897.0,34.0,34.0,69,25,0
dip,674,1108,72.0,91.0,84.0,34.0,51,31,0
8-9,746,1108,108.0,72.0,84.0,34.0,84,28,0
relative,854,1108,161.0,108.0,84.0,34.0,139,25,0
to,1015,1108,52.0,161.0,84.0,34.0,32,24,1
core,1067,1108,91.0,52.0,84.0,34.0,70,20,0
axis,1158,1108,596.0,91.0,84.0,34.0,67,26,0
.4,1754,1108,267.0,596.0,84.0,34.0,28,25,0
"5,935.6",2021,1108,1476.0,267.0,84.0,34.0,121,30,0
"Tuff,",547,1183,109.0,1476.0,84.0,84.0,85,31,0
"ash-flow,",656,1183,177.0,109.0,52.0,84.0,155,31,0
"brownish-gray,",833,1183,268.0,177.0,52.0,84.0,247,32,0
moderately,1101,1183,199.0,268.0,52.0,84.0,178,31,0
"welded,",1300,1183,144.0,199.0,52.0,84.0,120,30,0
devi-,1444,1183,861.0,144.0,52.0,84.0,85,25,0
trified;,584,1219,161.0,861.0,52.0,52.0,137,30,0
"pumice,",745,1219,144.0,161.0,36.0,52.0,120,30,0
dark-greenish-gray,889,1219,339.0,144.0,36.0,52.0,317,31,0
and,1228,1219,70.0,339.0,36.0,52.0,51,25,0
brownish-,1298,1219,715.0,70.0,36.0,52.0,159,25,0
"gray,",584,1255,109.0,715.0,36.0,36.0,84,25,0
"zeolitic,",693,1255,177.0,109.0,36.0,36.0,154,31,0
commonly,870,1255,163.0,177.0,36.0,36.0,141,31,0
5,1033,1255,33.0,163.0,36.0,36.0,14,26,0
mm,1066,1255,57.0,33.0,36.0,36.0,36,19,0
to,1123,1255,51.0,57.0,36.0,36.0,31,23,0
2.5,1174,1255,72.0,51.0,36.0,36.0,52,25,0
cm;,1246,1255,72.0,72.0,36.0,36.0,47,24,0
20,1318,1255,54.0,72.0,36.0,36.0,33,25,0
percent,1372,1255,789.0,54.0,36.0,36.0,124,29,0
phenocrysts,584,1291,215.0,789.0,36.0,36.0,193,30,0
of,799,1291,54.0,215.0,35.0,36.0,33,25,0
"sanidine,",853,1291,180.0,54.0,35.0,36.0,154,30,0
"plagioclase,",1033,1291,231.0,180.0,35.0,36.0,207,31,0
and,1264,1291,70.0,231.0,35.0,36.0,51,25,0
"biotite,",1334,1291,751.0,70.0,35.0,36.0,140,31,0
"phenocrysts,",584,1326,232.0,751.0,35.0,35.0,209,30,0
very,816,1326,93.0,232.0,37.0,35.0,70,25,0
fine,909,1326,88.0,93.0,37.0,35.0,67,25,0
to,997,1326,55.0,88.0,37.0,35.0,32,24,0
fine-grained;,1052,1326,249.0,55.0,37.0,35.0,224,31,0
sparse,1301,1326,126.0,249.0,37.0,35.0,104,25,0
lithic,1427,1326,842.0,126.0,37.0,35.0,103,26,0
"fragments,",586,1362,196.0,842.0,37.0,37.0,171,29,0
dark-reddish-brown,782,1362,339.0,196.0,37.0,37.0,317,26,0
and,1121,1362,70.0,339.0,37.0,37.0,51,26,0
"brownish-gray,",1191,1362,608.0,70.0,37.0,37.0,247,31,0
rhyolitic,585,1398,179.0,608.0,37.0,37.0,156,31,0
to,764,1398,55.0,179.0,81.0,37.0,32,23,0
"intermediate,",819,1398,247.0,55.0,81.0,37.0,224,30,0
2,1066,1398,35.0,247.0,81.0,37.0,15,25,0
mm,1101,1398,57.0,35.0,81.0,37.0,36,19,0
to,1158,1398,51.0,57.0,81.0,37.0,31,23,0
2.5,1209,1398,72.0,51.0,81.0,37.0,52,25,0
cm,1281,1398,451.0,72.0,81.0,37.0,35,20,0
5.4,1732,1398,288.0,451.0,81.0,37.0,50,25,0
"5,941.0",2020,1398,1475.0,288.0,81.0,37.0,122,31,0
"Tuff,",547,1469,108.0,1475.0,81.0,81.0,84,31,0
"ash-flow,",655,1469,177.0,108.0,53.0,81.0,156,32,0
"brownish-gray,",832,1469,271.0,177.0,53.0,81.0,248,32,0
densely,1103,1469,142.0,271.0,53.0,81.0,122,31,0
"welded,",1245,1469,144.0,142.0,53.0,81.0,121,30,0
devitri-,1389,1469,805.0,144.0,53.0,81.0,139,26,0
"fied,",585,1505,108.0,805.0,53.0,53.0,83,31,0
silicified;,693,1505,213.0,108.0,37.0,53.0,188,32,0
"pumice,",906,1505,141.0,213.0,37.0,53.0,120,32,0
"brownish-gray,",1047,1505,271.0,141.0,37.0,53.0,248,32,0
greenish-,1318,1505,736.0,271.0,37.0,53.0,157,32,0
"gray,",583,1541,108.0,736.0,37.0,37.0,85,26,0
"dark-greenish-gray,",691,1541,358.0,108.0,37.0,37.0,335,32,0
and,1049,1541,70.0,358.0,37.0,37.0,50,26,0
"moderate-yellow-green,",1119,1541,537.0,70.0,37.0,37.0,391,31,0
"zeolitic,",584,1577,179.0,537.0,37.0,37.0,155,31,0
5,763,1577,34.0,179.0,36.0,37.0,14,25,0
mm,797,1577,57.0,34.0,36.0,37.0,37,18,0
to,854,1577,52.0,57.0,36.0,37.0,32,23,0
4,906,1577,36.0,52.0,36.0,37.0,15,24,0
cm;,942,1577,74.0,36.0,36.0,37.0,47,23,0
15-20,1016,1577,105.0,74.0,36.0,37.0,84,27,0
percent,1121,1577,145.0,105.0,36.0,37.0,124,30,0
phenocrysts,1266,1577,214.0,145.0,36.0,37.0,193,30,0
of,1480,1577,897.0,214.0,36.0,37.0,34,25,0
"sanidine,",584,1613,180.0,897.0,36.0,36.0,154,30,0
"plagioclase,",764,1613,232.0,180.0,35.0,36.0,208,32,0
and,996,1613,69.0,232.0,35.0,36.0,51,24,0
"biotite,",1065,1613,165.0,69.0,35.0,36.0,139,30,0
fine-grained;,1230,1613,647.0,165.0,35.0,36.0,226,31,0
sparse,584,1648,125.0,647.0,35.0,35.0,104,26,0
lithic,709,1648,126.0,125.0,38.0,35.0,103,27,0
"fragments,",835,1648,194.0,126.0,38.0,35.0,172,31,0
brownish-gray,1029,1648,253.0,194.0,38.0,35.0,231,32,0
and,1282,1648,70.0,253.0,38.0,35.0,50,26,0
medium-dark-,1352,1648,770.0,70.0,38.0,35.0,213,25,0
"gray,",583,1685,108.0,770.0,38.0,38.0,83,25,0
rhyolitic,691,1685,179.0,108.0,36.0,38.0,157,31,0
to,870,1685,54.0,179.0,36.0,38.0,32,24,0
intermediate,924,1685,232.0,54.0,36.0,38.0,211,26,0
in,1156,1685,53.0,232.0,36.0,38.0,31,25,0
"composition,",1209,1685,235.0,53.0,36.0,38.0,210,31,0
5,1444,1685,33.0,235.0,36.0,38.0,14,25,0
mm,1477,1685,895.0,33.0,36.0,38.0,36,20,0
to,583,1721,53.0,895.0,36.0,36.0,33,24,0
2.0,636,1721,72.0,53.0,81.0,36.0,52,26,0
cm,708,1721,1023.0,72.0,81.0,36.0,34,19,0
9.0,1731,1721,289.0,1023.0,81.0,36.0,51,26,0
"5,950.0",2020,1721,1475.0,289.0,81.0,36.0,121,31,0
"Tuff,",547,1793,107.0,1475.0,81.0,81.0,83,31,0
"ash-flow,",654,1793,180.0,107.0,52.0,81.0,156,32,0
"greenish-gray,",834,1793,267.0,180.0,52.0,81.0,245,32,0
moderately,1101,1793,198.0,267.0,52.0,81.0,177,31,0
"welded,",1299,1793,144.0,198.0,52.0,81.0,121,30,0
devitri-,1443,1793,860.0,144.0,52.0,81.0,140,27,0
"fied,",584,1829,108.0,860.0,52.0,52.0,84,31,0
silicified;,692,1829,213.0,108.0,37.0,52.0,189,32,0
"pumice,",905,1829,144.0,213.0,37.0,52.0,121,31,0
"dark-greenish-gray,",1049,1829,360.0,144.0,37.0,52.0,335,32,0
zeoli-,1409,1829,827.0,360.0,37.0,52.0,102,26,0
"tized,",583,1865,126.0,827.0,37.0,37.0,101,30,0
5,709,1865,33.0,126.0,37.0,37.0,14,25,0
mm,742,1865,56.0,33.0,37.0,37.0,35,19,0
to,798,1865,54.0,56.0,37.0,37.0,34,24,0
3,852,1865,35.0,54.0,37.0,37.0,14,25,0
cm;,887,1865,72.0,35.0,37.0,37.0,48,24,0
20,959,1865,55.0,72.0,37.0,37.0,34,25,0
percent,1014,1865,142.0,55.0,37.0,37.0,122,29,0
phenocrysts,1156,1865,216.0,142.0,37.0,37.0,193,31,0
of,1372,1865,55.0,216.0,37.0,37.0,32,26,0
"sanidine,",1427,1865,846.0,55.0,37.0,37.0,155,32,0
"plagioclase,",582,1901,234.0,846.0,37.0,37.0,209,33,0
and,816,1901,71.0,234.0,37.0,37.0,50,26,0
altered,887,1901,142.0,71.0,37.0,37.0,123,26,0
biotite;,1029,1901,161.0,142.0,37.0,37.0,138,29,0
conspicuous,1190,1901,218.0,161.0,37.0,37.0,195,30,0
increase,1408,1901,826.0,218.0,37.0,37.0,140,26,0
in,583,1937,53.0,826.0,37.0,37.0,30,25,0
lithics,636,1937,144.0,53.0,37.0,37.0,121,26,0
relative,780,1937,161.0,144.0,37.0,37.0,139,26,0
to,941,1937,55.0,161.0,37.0,37.0,33,24,0
unit,996,1937,88.0,55.0,37.0,37.0,67,26,0
"above,",1084,1937,125.0,88.0,37.0,37.0,102,29,0
2-3,1209,1937,73.0,125.0,37.0,37.0,51,25,0
"percent,",1282,1937,159.0,73.0,37.0,37.0,137,30,0
brownish-,1441,1937,860.0,159.0,37.0,37.0,159,25,0
gray,582,1973,91.0,860.0,37.0,37.0,68,25,0
and,673,1973,71.0,91.0,36.0,37.0,49,25,0
"dark-gray,",744,1973,198.0,71.0,36.0,37.0,173,31,0
rhyolitic,942,1973,179.0,198.0,36.0,37.0,156,31,0
to,1121,1973,54.0,179.0,36.0,37.0,32,24,0
intermediate,1175,1973,234.0,54.0,36.0,37.0,211,26,0
in,1409,1973,53.0,234.0,36.0,37.0,30,24,0
composi-,1462,1973,881.0,53.0,36.0,37.0,138,31,1
"tion,",582,2009,106.0,881.0,36.0,36.0,84,30,0
commonly,688,2009,165.0,106.0,757.0,36.0,142,31,0
1-6,853,2009,70.0,165.0,757.0,36.0,49,25,0
cm,923,2009,54.0,70.0,757.0,36.0,33,19,0
in,977,2009,54.0,54.0,757.0,36.0,31,24,0
size,1031,2009,682.0,54.0,757.0,36.0,67,26,0
50.0,1713,2009,305.0,682.0,757.0,36.0,68,26,0
"6,000.0",2018,2009,687.0,305.0,757.0,36.0,123,30,0
Total,1335,2081,108.0,687.0,757.0,757.0,81,26,0
Depth,1443,2081,576.0,108.0,1030.0,757.0,85,31,0
"6,000.0",2019,2081,1264.0,576.0,1030.0,757.0,122,31,0
25,1284,3109,0,1264.0,1030.0,1030.0,32,24,0
