word,x,y,x+1 dist,x-1 dist,y+1 dist,y-1 dist,width,height,table
",:36.277",2257,43,1802.0,0,1802.0,0,181,69,0
Table,479,335,155.0,1802.0,1802.0,1802.0,122,31,0
1.--Summary,634,335,297.0,155.0,235.0,1802.0,268,38,0
of,931,335,75.0,297.0,235.0,1802.0,45,31,0
drill,1006,335,150.0,75.0,235.0,1802.0,121,31,0
hole,1156,335,126.0,150.0,235.0,1802.0,99,29,0
USW,1282,335,102.0,126.0,235.0,1802.0,76,29,0
G-1,1384,335,102.0,102.0,235.0,1802.0,68,30,0
logging,1486,335,201.0,102.0,235.0,1802.0,171,37,0
operations,1687,335,1414.0,201.0,235.0,1802.0,244,37,1
Date,279,458,126.0,1414.0,235.0,235.0,98,29,0
and,405,458,100.0,126.0,130.0,235.0,71,31,0
Borehole,505,458,226.0,100.0,130.0,235.0,196,30,0
Conditions,731,458,780.0,226.0,130.0,235.0,246,32,0
Geophysical,1511,458,299.0,780.0,130.0,235.0,272,39,0
Logs,1810,458,1610.0,299.0,130.0,235.0,97,37,0
March,204,564,156.0,1610.0,130.0,130.0,123,32,0
"16,",360,564,100.0,156.0,110.0,130.0,61,39,0
1980,460,564,226.0,100.0,110.0,130.0,91,32,0
Casing,256,660,175.0,226.0,110.0,110.0,146,36,0
depth,431,660,476.0,175.0,44.0,110.0,121,37,0
8.2,907,660,98.0,476.0,44.0,110.0,71,32,0
m,1005,660,254.0,98.0,44.0,110.0,26,20,1
Caliper,1259,660,201.0,254.0,44.0,110.0,172,38,0
-,1460,660,53.0,201.0,44.0,110.0,22,6,0
6,1513,660,49.0,53.0,44.0,110.0,19,30,0
"arm,",1562,660,127.0,49.0,44.0,110.0,92,27,0
3,1689,660,48.0,127.0,44.0,110.0,19,30,0
diameter,1737,660,1482.0,48.0,44.0,110.0,197,31,0
Bit,256,704,101.0,1482.0,44.0,44.0,70,31,0
size,357,704,525.0,101.0,1206.0,44.0,95,30,0
44.5,882,704,126.0,525.0,1206.0,44.0,95,32,0
cm,1008,704,249.0,126.0,1206.0,44.0,48,22,0
Density,1257,704,254.0,249.0,1206.0,44.0,173,39,0
single,1511,704,175.0,254.0,1206.0,44.0,146,38,0
detector,1686,704,223.0,175.0,1206.0,44.0,197,31,0
w/proximity,1909,704,449.0,223.0,1206.0,44.0,273,43,0
-,1461,724,1207.0,449.0,1206.0,1206.0,20,7,0
Hole,255,760,126.0,1207.0,1207.0,1207.0,97,31,0
depth,381,760,501.0,126.0,1355.0,1207.0,121,39,0
85.3,882,760,123.0,501.0,1355.0,1207.0,96,32,0
m,1005,760,253.0,123.0,1355.0,1207.0,26,20,0
Resistivity,1258,760,303.0,253.0,1355.0,1207.0,275,39,0
-,1561,760,51.0,303.0,1355.0,1207.0,23,5,0
short,1612,760,149.0,51.0,1355.0,1207.0,120,32,0
and,1761,760,102.0,149.0,1355.0,1207.0,73,31,0
long,1863,760,259.0,102.0,1355.0,1207.0,96,38,0
normal,1609,809,178.0,259.0,1355.0,1355.0,150,33,0
and,1787,809,103.0,178.0,1354.0,1355.0,73,31,0
lateral,1890,809,1635.0,103.0,1354.0,1355.0,169,32,0
Approx.,256,860,198.0,1635.0,1354.0,1354.0,164,36,0
mud,454,860,102.0,198.0,116.0,1354.0,72,30,0
depth,556,860,402.0,102.0,116.0,1354.0,121,39,0
Om,958,860,299.0,402.0,116.0,1354.0,73,30,1
Neutron,1257,860,204.0,299.0,116.0,1354.0,175,30,0
-,1461,860,51.0,204.0,116.0,1354.0,21,7,0
single,1512,860,175.0,51.0,116.0,1354.0,147,38,0
detector,1687,860,226.0,175.0,116.0,1354.0,197,30,0
epithermal,1913,860,1712.0,226.0,116.0,1354.0,245,39,0
April,205,964,153.0,1712.0,116.0,116.0,123,39,0
"2,",358,964,77.0,153.0,133.0,116.0,38,36,0
1980,435,964,216.0,77.0,133.0,116.0,91,32,0
Casing,257,1086,174.0,216.0,133.0,133.0,146,39,0
depth,431,1086,452.0,174.0,48.0,133.0,121,38,0
89.0,883,1086,122.0,452.0,48.0,133.0,96,32,0
in,1005,1086,254.0,122.0,48.0,133.0,27,20,0
Caliper,1259,1086,202.0,254.0,48.0,133.0,172,38,0
-,1461,1086,53.0,202.0,48.0,133.0,22,5,0
3,1514,1086,48.0,53.0,48.0,133.0,18,30,0
"arm,",1562,1086,125.0,48.0,48.0,133.0,92,27,0
average,1687,1086,200.0,125.0,48.0,133.0,172,30,0
diameter,1887,1086,1631.0,200.0,48.0,133.0,196,30,0
Bit,257,1134,99.0,1631.0,48.0,48.0,70,30,0
size,356,1134,552.0,99.0,52.0,48.0,96,29,0
9.8,908,1134,101.0,552.0,52.0,48.0,71,32,0
cm,1009,1134,249.0,101.0,52.0,48.0,47,21,0
Density,1258,1134,202.0,249.0,52.0,48.0,174,38,0
-,1460,1134,51.0,202.0,52.0,48.0,22,6,0
single,1511,1134,176.0,51.0,52.0,48.0,148,38,0
detector,1687,1134,1433.0,176.0,52.0,48.0,197,31,0
Hole,255,1185,127.0,1433.0,52.0,52.0,98,31,1
depth,382,1185,477.0,127.0,48.0,52.0,121,39,0
303.9,859,1185,147.0,477.0,48.0,52.0,118,32,0
m,1006,1185,251.0,147.0,48.0,52.0,25,20,0
Neutron,1257,1185,204.0,251.0,48.0,52.0,176,30,0
-,1461,1185,52.0,204.0,48.0,52.0,21,6,0
single,1513,1185,175.0,52.0,48.0,52.0,146,39,0
detector,1688,1185,227.0,175.0,48.0,52.0,197,31,0
thermal,1915,1185,1661.0,227.0,48.0,52.0,169,31,1
Approx.,255,1233,200.0,1661.0,48.0,48.0,166,37,0
mud,455,1233,101.0,200.0,1006.0,48.0,72,29,0
depth,556,1233,302.0,101.0,1006.0,48.0,121,39,0
225.6,858,1233,147.0,302.0,1006.0,48.0,120,31,1
m,1005,1233,256.0,147.0,1006.0,48.0,25,19,0
Sonic,1261,1233,147.0,256.0,1006.0,48.0,120,30,0
velocity,1408,1233,230.0,147.0,1006.0,48.0,200,38,0
-,1638,1233,51.0,230.0,1006.0,48.0,21,6,0
0.9,1689,1233,96.0,51.0,1006.0,48.0,68,32,0
m,1785,1233,53.0,96.0,1006.0,48.0,26,21,0
and,1838,1233,103.0,53.0,1006.0,48.0,71,31,0
1.8,1941,1233,94.0,103.0,1006.0,48.0,68,31,0
m,2035,1233,54.0,94.0,1006.0,48.0,25,20,0
3-D,2089,1233,100.0,54.0,1006.0,48.0,70,31,0
logs,2189,1233,932.0,100.0,1006.0,48.0,93,39,0
Gamma,1259,1286,152.0,932.0,1006.0,1006.0,124,30,0
ray,1411,1286,101.0,152.0,1058.0,1006.0,72,30,0
-,1512,1286,48.0,101.0,1058.0,1006.0,21,4,0
natural,1560,1286,1357.0,48.0,1058.0,1006.0,175,31,0
April,207,1389,155.0,1357.0,1058.0,1058.0,121,39,0
"19-20,",362,1389,173.0,155.0,111.0,1058.0,135,38,0
1980,535,1389,294.0,173.0,111.0,1058.0,93,33,0
Casing,258,1487,175.0,294.0,111.0,111.0,145,37,0
depth,433,1487,451.0,175.0,47.0,111.0,120,37,0
88.4,884,1487,121.0,451.0,47.0,111.0,95,32,0
m,1005,1487,256.0,121.0,47.0,111.0,26,20,0
Caliper,1261,1487,201.0,256.0,47.0,111.0,171,37,0
-,1462,1487,51.0,201.0,47.0,111.0,21,5,0
6,1513,1487,49.0,51.0,47.0,111.0,20,30,0
"arm,",1562,1487,127.0,49.0,47.0,111.0,93,27,0
3,1689,1487,49.0,127.0,47.0,111.0,20,30,0
diameter,1738,1487,1481.0,49.0,47.0,111.0,197,31,0
Bit,258,1534,101.0,1481.0,47.0,47.0,70,30,0
size,359,1534,527.0,101.0,52.0,47.0,95,30,0
15.9,886,1534,123.0,527.0,52.0,47.0,92,32,0
cm,1009,1534,250.0,123.0,52.0,47.0,48,20,0
Density,1259,1534,202.0,250.0,52.0,47.0,172,38,0
-,1461,1534,49.0,202.0,52.0,47.0,21,6,0
borehole,1510,1534,228.0,49.0,52.0,47.0,200,32,0
compensated,1738,1534,1482.0,228.0,52.0,47.0,271,39,0
Hole,257,1585,125.0,1482.0,52.0,52.0,98,30,0
depth,382,1585,477.0,125.0,115.0,52.0,122,39,0
306.6,859,1585,146.0,477.0,115.0,52.0,120,33,0
in,1005,1585,253.0,146.0,115.0,52.0,27,21,0
Neutron,1258,1585,203.0,253.0,115.0,52.0,175,30,1
-,1461,1585,50.0,203.0,115.0,52.0,22,6,0
borehole,1511,1585,227.0,50.0,115.0,52.0,198,32,0
compensated,1738,1585,1535.0,227.0,115.0,52.0,271,39,0
April,207,1688,152.0,1535.0,115.0,115.0,121,39,0
"21-22,",359,1688,176.0,152.0,110.0,115.0,138,37,0
1980,535,1688,295.0,176.0,110.0,115.0,93,32,0
Approx.,257,1785,198.0,295.0,110.0,110.0,165,37,0
mud,455,1785,102.0,198.0,1004.0,110.0,73,30,0
depth,557,1785,304.0,102.0,1004.0,110.0,122,39,0
106.7,861,1785,145.0,304.0,1004.0,110.0,118,33,0
m,1006,1785,251.0,145.0,1004.0,110.0,25,20,0
Neutron,1257,1785,204.0,251.0,1004.0,110.0,176,30,1
-,1461,1785,50.0,204.0,1004.0,110.0,23,6,0
borehole,1511,1785,227.0,50.0,1004.0,110.0,198,31,1
compensated,1738,1785,482.0,227.0,1004.0,110.0,271,40,0
Neutron,1259,1833,202.0,482.0,1004.0,1004.0,175,30,0
-,1461,1833,51.0,202.0,52.0,1004.0,22,5,1
single,1512,1833,177.0,51.0,52.0,1004.0,147,39,0
detector,1689,1833,225.0,177.0,52.0,1004.0,196,30,0
epithermal,1914,1833,656.0,225.0,52.0,1004.0,245,38,0
Resistivity,1260,1884,302.0,656.0,52.0,52.0,272,37,1
-,1562,1884,52.0,302.0,358.0,52.0,21,6,0
short,1614,1884,149.0,52.0,358.0,52.0,119,33,1
and,1763,1884,102.0,149.0,358.0,52.0,71,30,0
long,1865,1884,121.0,102.0,358.0,52.0,93,38,0
"normal,",1986,1884,376.0,121.0,358.0,52.0,167,38,0
lateral,1614,1932,199.0,376.0,358.0,358.0,171,31,0
and,1813,1932,101.0,199.0,357.0,358.0,71,30,0
guard,1914,1932,656.0,101.0,357.0,358.0,120,39,0
Sonic,1261,1984,148.0,656.0,357.0,357.0,121,30,0
velocity,1409,1984,228.0,148.0,49.0,357.0,200,39,0
-,1637,1984,51.0,228.0,49.0,357.0,22,6,0
0.9,1688,1984,97.0,51.0,49.0,357.0,70,31,0
in,1785,1984,53.0,97.0,49.0,357.0,27,21,1
and,1838,1984,103.0,53.0,49.0,357.0,72,30,1
1.8,1941,1984,93.0,103.0,49.0,357.0,68,31,1
m,2034,1984,55.0,93.0,49.0,357.0,27,21,1
3-D,2089,1984,100.0,55.0,49.0,357.0,71,31,1
logs,2189,1984,930.0,100.0,49.0,357.0,93,39,1
Density,1261,2033,201.0,930.0,49.0,49.0,171,37,1
-,1462,2033,51.0,201.0,1058.0,49.0,20,5,1
borehole,1513,2033,226.0,51.0,1058.0,49.0,196,31,0
compensated,1739,2033,1534.0,226.0,1058.0,49.0,270,40,0
August,209,2137,176.0,1534.0,1058.0,1058.0,145,38,0
"9-12,",385,2137,152.0,176.0,111.0,1058.0,114,37,0
1980,537,2137,293.0,152.0,111.0,1058.0,93,32,0
Casing,261,2234,174.0,293.0,111.0,111.0,145,39,0
depth,435,2234,426.0,174.0,51.0,111.0,120,37,0
309.7,861,2234,146.0,426.0,51.0,111.0,118,32,0
m,1007,2234,255.0,146.0,51.0,111.0,26,19,1
Caliper,1262,2234,201.0,255.0,51.0,111.0,171,37,1
-,1463,2234,52.0,201.0,51.0,111.0,20,6,0
3,1515,2234,49.0,52.0,51.0,111.0,18,31,0
"arm,",1564,2234,125.0,49.0,51.0,111.0,90,28,0
average,1689,2234,200.0,125.0,51.0,111.0,171,29,1
diameter,1889,2234,1630.0,200.0,51.0,111.0,195,31,0
Bit,260,2284,101.0,1630.0,51.0,51.0,71,31,0
size,361,2284,550.0,101.0,51.0,51.0,95,30,0
9.8,911,2284,99.0,550.0,51.0,51.0,70,33,0
cm,1010,2284,249.0,99.0,51.0,51.0,48,21,0
Neutron,1259,2284,204.0,249.0,51.0,51.0,176,30,0
-,1463,2284,51.0,204.0,51.0,51.0,21,6,0
single,1514,2284,175.0,51.0,51.0,51.0,146,38,0
detector,1689,2284,227.0,175.0,51.0,51.0,196,31,0
thermal,1916,2284,1659.0,227.0,51.0,51.0,169,31,0
Hole,258,2334,127.0,1659.0,51.0,51.0,98,30,0
depth,385,2334,453.0,127.0,1355.0,51.0,120,38,0
1828.8,838,2334,169.0,453.0,1355.0,51.0,143,32,0
m,1007,2334,254.0,169.0,1355.0,51.0,26,20,0
Resistivity,1261,2334,302.0,254.0,1355.0,51.0,274,38,0
-,1563,2334,51.0,302.0,1355.0,51.0,22,5,1
short,1614,2334,149.0,51.0,1355.0,51.0,119,32,0
and,1763,2334,102.0,149.0,1355.0,51.0,72,30,0
long,1865,2334,259.0,102.0,1355.0,51.0,95,38,0
normal,1612,2386,176.0,259.0,1355.0,1355.0,149,32,0
and,1788,2386,103.0,176.0,1354.0,1355.0,71,30,1
lateral,1891,2386,1633.0,103.0,1354.0,1355.0,169,31,0
Approx.,259,2432,199.0,1633.0,1354.0,1354.0,165,37,0
mud,458,2432,101.0,199.0,1003.0,1354.0,72,30,0
depth,559,2432,302.0,101.0,1003.0,1354.0,122,39,0
381.0,861,2432,147.0,302.0,1003.0,1354.0,120,32,0
m,1008,2432,254.0,147.0,1003.0,1354.0,26,20,0
Sonic,1262,2432,147.0,254.0,1003.0,1354.0,120,30,1
velocity,1409,2432,228.0,147.0,1003.0,1354.0,201,39,0
-,1637,2432,51.0,228.0,1003.0,1354.0,22,6,0
0.9,1688,2432,97.0,51.0,1003.0,1354.0,71,32,0
in,1785,2432,53.0,97.0,1003.0,1354.0,26,21,0
and,1838,2432,103.0,53.0,1003.0,1354.0,72,31,0
1.8,1941,2432,93.0,103.0,1003.0,1354.0,68,32,0
in,2034,2432,55.0,93.0,1003.0,1354.0,26,21,1
3-D,2089,2432,100.0,55.0,1003.0,1354.0,71,31,0
logs,2189,2432,931.0,100.0,1003.0,1354.0,92,39,0
Density,1260,2486,202.0,931.0,1003.0,1003.0,174,38,1
-,1462,2486,52.0,202.0,49.0,1003.0,22,5,0
single,1514,2486,175.0,52.0,49.0,1003.0,146,39,0
detector,1689,2486,431.0,175.0,49.0,1003.0,197,31,0
Gamma,1261,2534,152.0,431.0,49.0,49.0,123,29,1
ray,1413,2534,100.0,152.0,1053.0,49.0,71,29,0
-,1513,2534,49.0,100.0,1053.0,49.0,21,5,0
natural,1562,2534,1353.0,49.0,1053.0,49.0,173,31,1
September,213,2634,252.0,1353.0,1053.0,1053.0,219,37,0
"14,",465,2634,99.0,252.0,111.0,1053.0,61,38,0
1980,564,2634,320.0,99.0,111.0,1053.0,93,32,0
Approx.,261,2734,198.0,320.0,111.0,111.0,164,38,0
mud,459,2734,102.0,198.0,1002.0,111.0,73,29,0
depth,561,2734,301.0,102.0,1002.0,111.0,121,39,0
370.6,862,2734,147.0,301.0,1002.0,111.0,119,32,0
m,1009,2734,254.0,147.0,1002.0,111.0,25,20,0
Caliper,1263,2734,200.0,254.0,1002.0,111.0,171,36,0
-,1463,2734,52.0,200.0,1002.0,111.0,21,5,0
4,1515,2734,49.0,52.0,1002.0,111.0,19,30,0
"arm,",1564,2734,127.0,49.0,1002.0,111.0,92,28,1
2,1691,2734,48.0,127.0,1002.0,111.0,18,29,0
diameter,1739,2734,481.0,48.0,1002.0,111.0,196,31,1
Density,1261,2785,201.0,481.0,1002.0,1002.0,174,37,1
-,1462,2785,49.0,201.0,50.0,1002.0,21,5,0
borehole,1511,2785,229.0,49.0,50.0,1002.0,199,31,0
compensated,1740,2785,483.0,229.0,50.0,1002.0,269,40,0
Neutron,1260,2834,203.0,483.0,50.0,50.0,174,30,1
-,1463,2834,49.0,203.0,250.0,50.0,21,6,0
borehole,1512,2834,228.0,49.0,250.0,50.0,199,30,1
compensated,1740,2834,574.0,228.0,250.0,50.0,268,39,1
3,1222,3081,0,574.0,250.0,250.0,18,31,0
