word,x,y,x+1 dist,x-1 dist,y+1 dist,y-1 dist,width,height,table
DISTRIBUTION:,246,378,353.0,0,100.0,0,314,28,0
(cont),599,378,363.0,353.0,100.0,0,138,37,0
John,250,477,122.0,363.0,100.0,100.0,93,29,0
A.,372,477,77.0,122.0,48.0,100.0,40,27,0
Blume,449,477,149.0,77.0,48.0,100.0,117,30,0
Engineers,598,477,761.0,149.0,48.0,100.0,217,36,0
1100,1359,477,197.0,761.0,48.0,100.0,93,29,0
C.,1556,477,75.0,197.0,48.0,100.0,40,29,0
D.,1631,477,75.0,75.0,48.0,100.0,40,28,0
Broyles,1706,477,1457.0,75.0,48.0,100.0,169,38,0
Sheraton,250,525,222.0,1457.0,48.0,48.0,195,28,0
Palace,472,525,175.0,222.0,53.0,48.0,145,29,0
Hotel,647,525,713.0,175.0,53.0,48.0,119,29,0
1110,1360,525,195.0,713.0,53.0,48.0,90,30,0
C.,1555,525,76.0,195.0,53.0,48.0,41,28,0
D.,1631,525,74.0,76.0,53.0,48.0,38,27,0
Broyles,1705,525,202.0,74.0,53.0,48.0,169,37,0
(actg),1907,525,1657.0,202.0,53.0,48.0,138,40,0
130,251,577,98.0,1657.0,53.0,53.0,68,30,0
Jessie,349,577,177.0,98.0,51.0,53.0,144,29,0
Street,526,577,833.0,177.0,51.0,53.0,141,28,0
1111,1359,577,199.0,833.0,51.0,53.0,91,28,0
J.,1558,577,74.0,199.0,51.0,53.0,39,28,0
R.,1632,577,75.0,74.0,51.0,53.0,40,27,0
Banister,1707,577,1458.0,75.0,51.0,53.0,195,28,0
San,250,627,98.0,1458.0,51.0,51.0,71,28,0
"Francisco,",348,627,274.0,98.0,52.0,51.0,240,36,0
CA,622,627,102.0,274.0,52.0,51.0,48,29,0
94105,724,627,636.0,102.0,52.0,51.0,118,30,0
1123,1360,627,196.0,636.0,52.0,51.0,92,30,0
B.,1556,627,75.0,196.0,52.0,51.0,41,28,0
C.,1631,627,77.0,75.0,52.0,51.0,40,29,0
Benjamin,1708,627,1458.0,77.0,52.0,51.0,196,36,0
Attn:,251,678,176.0,1458.0,52.0,52.0,112,29,0
P.,427,678,70.0,176.0,1112.0,52.0,36,26,0
Yanev,497,678,863.0,70.0,1112.0,52.0,123,29,0
1123,1360,678,198.0,863.0,1112.0,52.0,93,30,0
J.,1558,678,75.0,198.0,1112.0,52.0,40,28,0
R.,1633,678,74.0,75.0,1112.0,52.0,40,28,0
Dickinson,1707,678,350.0,74.0,1112.0,52.0,223,30,0
1123-1,1361,728,195.0,350.0,1112.0,1112.0,138,30,0
H.,1556,728,75.0,195.0,1112.0,1112.0,41,28,0
A.,1631,728,76.0,75.0,1112.0,1112.0,40,29,0
Stuckert,1707,728,1458.0,76.0,1112.0,1112.0,194,29,0
Brown,250,775,149.0,1458.0,1112.0,1112.0,119,28,0
University,399,775,962.0,149.0,52.0,1112.0,246,37,0
1111,1361,775,196.0,962.0,52.0,1112.0,91,30,0
L.,1557,775,76.0,196.0,52.0,1112.0,39,28,1
J.,1633,775,73.0,76.0,52.0,1112.0,38,28,0
Vortman,1706,775,208.0,73.0,52.0,1112.0,175,29,0
(10),1914,775,1665.0,208.0,52.0,1112.0,84,38,0
Department,250,827,274.0,1665.0,52.0,52.0,242,35,0
of,524,827,74.0,274.0,51.0,52.0,45,30,0
Geological,598,827,278.0,74.0,51.0,52.0,244,38,1
Sciences,876,827,485.0,278.0,51.0,52.0,191,29,0
1417,1361,827,197.0,485.0,51.0,52.0,91,30,0
F.,1558,827,74.0,197.0,51.0,52.0,41,28,0
L.,1632,827,73.0,74.0,51.0,52.0,39,29,0
McFarling,1705,827,1457.0,73.0,51.0,52.0,223,38,0
"Providence,",249,877,299.0,1457.0,51.0,51.0,266,37,0
RI,548,877,100.0,299.0,50.0,51.0,44,28,0
02912,648,877,714.0,100.0,50.0,51.0,118,30,0
1417,1362,877,197.0,714.0,50.0,51.0,91,30,0
G.,1559,877,75.0,197.0,50.0,51.0,41,28,0
F.,1634,877,74.0,75.0,50.0,51.0,40,28,0
Rudolfo,1708,877,1460.0,74.0,50.0,51.0,171,31,0
Attn:,249,927,174.0,1460.0,50.0,50.0,114,29,0
B.,423,927,75.0,174.0,1112.0,50.0,40,27,0
Giletti,498,927,862.0,75.0,1112.0,50.0,170,30,0
4413,1360,927,197.0,862.0,1112.0,50.0,94,31,0
F.,1557,927,76.0,197.0,1112.0,50.0,43,28,0
Donath,1633,927,279.0,76.0,1112.0,50.0,148,29,1
4500,1359,979,200.0,279.0,1112.0,1112.0,96,30,0
E.,1559,979,73.0,200.0,1110.0,1112.0,39,28,0
H.,1632,979,77.0,73.0,1110.0,1112.0,41,28,0
Beckner,1709,979,1459.0,77.0,1110.0,1112.0,169,30,0
Harvard,251,1028,197.0,1459.0,1110.0,1110.0,167,29,0
University,448,1028,912.0,197.0,49.0,1110.0,247,37,0
4510,1360,1028,197.0,912.0,49.0,1110.0,95,31,0
W.,1557,1028,76.0,197.0,49.0,1110.0,42,28,0
D.,1633,1028,73.0,76.0,49.0,1110.0,39,28,0
Weart,1706,1028,1459.0,73.0,49.0,1110.0,121,27,0
Department,248,1076,276.0,1459.0,49.0,49.0,243,36,0
of,524,1076,73.0,276.0,50.0,49.0,45,29,0
Geological,597,1076,278.0,73.0,50.0,49.0,244,38,0
Sciences,875,1076,485.0,278.0,50.0,49.0,191,30,0
4530,1360,1076,200.0,485.0,50.0,49.0,96,31,0
R.,1560,1076,72.0,200.0,50.0,49.0,39,28,0
W.,1632,1076,76.0,72.0,50.0,49.0,42,28,1
Lynch,1708,1076,1457.0,76.0,50.0,49.0,122,37,0
"Cambridge,",252,1125,271.0,1457.0,50.0,50.0,237,38,0
MA,523,1125,101.0,271.0,54.0,50.0,47,28,0
02138,624,1125,737.0,101.0,54.0,50.0,117,30,0
4537,1361,1125,196.0,737.0,54.0,50.0,91,31,0
L.,1557,1125,76.0,196.0,54.0,50.0,41,28,0
D.,1633,1125,74.0,76.0,54.0,50.0,39,28,0
Tyler,1707,1125,1459.0,74.0,54.0,50.0,122,37,0
Attn:,249,1178,174.0,1459.0,54.0,54.0,113,29,0
R.,423,1178,75.0,174.0,1114.0,54.0,38,26,0
Siever,498,1178,862.0,75.0,1114.0,54.0,144,28,0
4538,1360,1178,199.0,862.0,1114.0,54.0,96,31,0
R.,1559,1178,75.0,199.0,1114.0,54.0,41,28,0
C.,1634,1178,75.0,75.0,1114.0,54.0,42,29,0
Lincoln,1709,1178,352.0,75.0,1114.0,54.0,172,30,0
8266,1361,1230,197.0,352.0,1114.0,1114.0,93,30,0
E.,1558,1230,74.0,197.0,1113.0,1114.0,40,29,0
A.,1632,1230,75.0,74.0,1113.0,1114.0,41,29,0
Aas,1707,1230,1458.0,75.0,1113.0,1114.0,71,28,0
Texas,250,1278,150.0,1458.0,1113.0,1113.0,117,28,0
A&M,400,1278,98.0,150.0,51.0,1113.0,70,27,0
University,498,1278,864.0,98.0,51.0,1113.0,245,37,0
3141,1362,1278,198.0,864.0,51.0,1113.0,92,30,0
T.,1560,1278,74.0,198.0,51.0,1113.0,41,29,0
L.,1634,1278,74.0,74.0,51.0,1113.0,41,29,1
Werner,1708,1278,183.0,74.0,51.0,1113.0,148,28,1
(5),1891,1278,1642.0,183.0,51.0,1113.0,60,38,0
Center,250,1329,177.0,1642.0,51.0,51.0,144,28,0
for,427,1329,95.0,177.0,48.0,51.0,67,28,0
Tectonophysics,522,1329,840.0,95.0,48.0,51.0,347,36,0
3151,1362,1329,196.0,840.0,48.0,51.0,92,30,0
W.,1558,1329,76.0,196.0,48.0,51.0,43,28,1
L.,1634,1329,75.0,76.0,48.0,51.0,39,29,0
Garner,1709,1329,178.0,75.0,48.0,51.0,147,29,0
(3),1887,1329,1637.0,178.0,48.0,51.0,66,38,0
College,251,1376,201.0,1637.0,48.0,48.0,168,38,0
"Station,",452,1376,219.0,201.0,54.0,48.0,188,36,0
TX,671,1376,103.0,219.0,54.0,48.0,49,28,0
77840,774,1376,788.0,103.0,54.0,48.0,119,31,0
For,1562,1376,98.0,788.0,54.0,48.0,69,28,0
DOE/TIC,1660,1376,207.0,98.0,54.0,48.0,172,35,1
(Unlimited,1867,1376,269.0,207.0,54.0,48.0,239,37,0
Release),2136,1376,1889.0,269.0,54.0,48.0,191,37,0
Attn:,248,1429,174.0,1889.0,54.0,54.0,114,29,0
J.,422,1429,74.0,174.0,1321.0,54.0,39,28,0
Handin,496,1429,866.0,74.0,1321.0,54.0,148,31,0
DOE/TIC,1362,1429,202.0,866.0,1321.0,54.0,168,35,0
(25),1564,1429,51.0,202.0,1321.0,54.0,90,38,0
(R.,1568,1479,93.0,51.0,1321.0,1321.0,57,37,0
P.,1661,1479,76.0,93.0,1320.0,1321.0,38,27,1
"Campbell,",1737,1479,252.0,76.0,1320.0,1321.0,215,39,0
3154-3),1989,1479,1740.0,252.0,1320.0,1321.0,165,37,1
Dartmouth,250,1531,249.0,1740.0,1320.0,1320.0,219,28,0
College,499,1531,257.0,249.0,52.0,1320.0,169,37,0
Department,248,1582,275.0,257.0,52.0,52.0,245,35,0
of,523,1582,74.0,275.0,48.0,52.0,45,29,0
Earth,597,1582,153.0,74.0,48.0,52.0,124,29,0
Sciences,750,1582,503.0,153.0,48.0,52.0,193,28,0
"Hanover,",250,1629,225.0,503.0,48.0,48.0,191,36,1
NH,475,1629,99.0,225.0,55.0,48.0,47,27,0
03755,574,1629,330.0,99.0,55.0,48.0,118,31,0
Attn:,249,1683,173.0,330.0,55.0,55.0,116,28,0
J.,422,1683,76.0,173.0,101.0,55.0,41,27,0
Lyons,498,1683,267.0,76.0,101.0,55.0,121,37,0
Princeton,251,1783,248.0,267.0,101.0,101.0,219,29,0
University,499,1783,254.0,248.0,49.0,101.0,247,37,0
Department,250,1831,275.0,254.0,49.0,49.0,243,36,0
of,525,1831,77.0,275.0,48.0,49.0,45,30,0
Civil,602,1831,148.0,77.0,48.0,49.0,116,30,0
Engineering,750,1831,501.0,148.0,48.0,49.0,269,37,0
"Princeton,",252,1878,271.0,501.0,48.0,48.0,241,36,0
NJ,523,1878,102.0,271.0,53.0,48.0,48,29,0
08540,625,1878,377.0,102.0,53.0,48.0,119,31,1
Attn:,252,1931,172.0,377.0,53.0,53.0,113,29,0
G.,424,1931,77.0,172.0,103.0,53.0,39,27,0
Pinder,501,1931,269.0,77.0,103.0,53.0,145,30,0
CERCDC,253,2033,50.0,269.0,103.0,103.0,144,29,0
1111,255,2082,118.0,50.0,50.0,50.0,89,29,0
Hower,373,2082,153.0,118.0,49.0,50.0,123,28,0
Avenue,526,2082,275.0,153.0,49.0,50.0,143,29,0
"Sacramento,",256,2130,296.0,275.0,49.0,49.0,260,36,0
CA,552,2130,99.0,296.0,52.0,49.0,45,28,0
95825,651,2130,403.0,99.0,52.0,49.0,117,30,0
Attn:,252,2181,173.0,403.0,52.0,52.0,114,28,0
A.,425,2181,77.0,173.0,101.0,52.0,40,27,0
Soinski,502,2181,270.0,77.0,101.0,52.0,167,31,0
Lawrence,252,2282,226.0,270.0,101.0,101.0,195,28,0
Berkeley,478,2282,222.0,226.0,52.0,101.0,193,37,0
Laboratory,700,2282,452.0,222.0,52.0,101.0,247,39,0
Energy,252,2334,174.0,452.0,52.0,52.0,147,36,0
&,426,2334,52.0,174.0,50.0,52.0,19,27,0
Environment,478,2334,298.0,52.0,50.0,52.0,267,28,0
Division,776,2334,526.0,298.0,50.0,52.0,199,29,0
University,253,2383,273.0,526.0,50.0,50.0,246,36,0
of,526,2383,77.0,273.0,48.0,50.0,47,30,0
California,603,2383,352.0,77.0,48.0,50.0,246,31,0
"Berkeley,",255,2430,247.0,352.0,48.0,48.0,212,37,0
CA,502,2430,101.0,247.0,53.0,48.0,47,29,0
94720,603,2430,353.0,101.0,53.0,48.0,119,31,0
Attn:,255,2483,175.0,353.0,53.0,53.0,113,29,0
P.,430,2483,72.0,175.0,100.0,53.0,37,27,0
Witherspoon,502,2483,270.0,72.0,100.0,53.0,271,37,0
Hanford,251,2582,201.0,270.0,100.0,100.0,172,29,0
Engineering,452,2582,300.0,201.0,72.0,100.0,269,36,0
Development,752,2582,452.0,300.0,72.0,100.0,269,38,0
Laboratory,303,2631,71.0,452.0,72.0,72.0,246,39,0
P.O.,254,2681,125.0,71.0,71.0,71.0,88,28,0
Box,379,2681,99.0,125.0,50.0,71.0,72,26,0
1970,478,2681,229.0,99.0,50.0,71.0,95,31,0
"Richland,",255,2730,245.0,229.0,50.0,50.0,214,37,0
WA,500,2730,102.0,245.0,51.0,50.0,48,29,0
99352,602,2730,353.0,102.0,51.0,50.0,118,31,0
Attn:,253,2780,174.0,353.0,51.0,51.0,114,28,0
D.,427,2780,76.0,174.0,102.0,51.0,38,27,0
Cantley,503,2780,269.0,76.0,102.0,51.0,171,38,0
Defense,254,2881,199.0,269.0,102.0,102.0,167,30,0
Nuclear,453,2881,198.0,199.0,48.0,102.0,169,29,0
Agency,651,2881,401.0,198.0,48.0,102.0,148,37,0
Field,253,2928,150.0,401.0,48.0,48.0,120,30,0
Command,403,2928,199.0,150.0,52.0,48.0,169,30,0
Test,602,2928,126.0,199.0,52.0,48.0,95,29,0
Construction,728,2928,323.0,126.0,52.0,48.0,297,30,0
Div.,1051,2928,800.0,323.0,52.0,48.0,91,27,0
"Mercury,",253,2980,222.0,800.0,52.0,52.0,192,36,0
NV,475,2980,227.0,222.0,52.0,52.0,48,29,0
Attn:,254,3031,173.0,227.0,52.0,52.0,114,29,0
J.,427,3031,74.0,173.0,2039.0,52.0,39,27,0
W.,501,3031,76.0,74.0,2039.0,52.0,42,28,0
LaComb,577,3031,1717.0,76.0,2039.0,52.0,149,29,0
49,2284,3214,0,1717.0,2039.0,2039.0,48,31,0
