word,x,y,x+1 dist,x-1 dist,y+1 dist,y-1 dist,width,height,table
'Dr,2208,202,1798.0,0,1798.0,0,162,69,0
Table,417,354,151.0,1798.0,1798.0,1798.0,122,37,0
7.--Uranium-series,568,354,476.0,151.0,249.0,1798.0,445,35,0
age,1044,354,98.0,476.0,249.0,1798.0,69,35,1
dates,1142,354,151.0,98.0,249.0,1798.0,120,34,0
obtained,1293,354,226.0,151.0,249.0,1798.0,194,35,0
from,1519,354,122.0,226.0,249.0,1798.0,97,35,0
minerals,1641,354,230.0,122.0,249.0,1798.0,197,35,0
in,1871,354,72.0,230.0,249.0,1798.0,42,35,0
cavities,1943,354,1303.0,72.0,249.0,1798.0,193,35,1
and,644,456,102.0,1303.0,249.0,249.0,69,33,0
fractures,746,456,252.0,102.0,580.0,249.0,216,35,0
in,998,456,71.0,252.0,580.0,249.0,41,34,0
core,1069,456,126.0,71.0,580.0,249.0,95,27,0
from,1195,456,121.0,126.0,580.0,249.0,95,34,0
drill,1316,456,153.0,121.0,580.0,249.0,114,35,0
holes,1469,456,149.0,153.0,580.0,249.0,118,35,0
at,1618,456,76.0,149.0,580.0,249.0,45,32,0
Yucca,1694,456,149.0,76.0,580.0,249.0,119,34,0
Mountain,1843,456,674.0,149.0,580.0,249.0,195,35,0
103,1194,637,526.0,674.0,580.0,580.0,70,53,0
Remarks,1720,637,1403.0,526.0,877.0,580.0,168,35,0
Drill,318,657,151.0,1403.0,877.0,877.0,113,35,0
hole,469,657,249.0,151.0,255.0,877.0,94,35,0
"Depth,",718,657,174.0,249.0,255.0,877.0,141,44,0
m,892,657,175.0,174.0,255.0,877.0,24,25,0
"Age,",1067,657,221.0,175.0,255.0,877.0,92,45,0
yr,1288,657,812.0,221.0,255.0,877.0,51,34,0
11,497,838,323.0,812.0,255.0,255.0,39,51,0
34,820,838,324.0,323.0,180.0,255.0,44,34,0
>400,1144,838,451.0,324.0,180.0,255.0,95,34,0
Calcite,1595,838,200.0,451.0,180.0,255.0,168,35,0
filling,1795,838,200.0,200.0,180.0,255.0,169,44,0
fracture,1995,838,1677.0,200.0,180.0,255.0,193,35,0
UE-25a,319,858,487.0,1677.0,180.0,180.0,145,34,0
283,796,955,349.0,487.0,487.0,487.0,70,34,1
>400,1145,955,450.0,349.0,102.0,487.0,96,34,0
Calcite,1595,955,201.0,450.0,102.0,487.0,171,35,0
filling,1796,955,200.0,201.0,102.0,487.0,169,43,0
fracture,1996,955,1207.0,200.0,102.0,487.0,193,35,0
611,794,1056,351.0,1207.0,102.0,102.0,68,34,0
>400,1145,1056,451.0,351.0,858.0,102.0,94,33,0
Calcite,1596,1056,199.0,451.0,858.0,102.0,168,35,0
filling,1795,1056,200.0,199.0,858.0,102.0,168,43,0
fracture,1995,1056,364.0,200.0,858.0,102.0,193,35,0
below,1646,1156,148.0,364.0,858.0,858.0,120,35,1
water,1794,1156,151.0,148.0,1338.0,858.0,123,33,0
table,1945,1156,1635.0,151.0,1338.0,858.0,120,35,0
USW,321,1341,99.0,1635.0,1338.0,1338.0,71,37,0
G-22,420,1341,377.0,99.0,1331.0,1338.0,94,50,0
280,797,1341,349.0,377.0,1331.0,1338.0,70,34,0
>400,1146,1341,450.0,349.0,1331.0,1338.0,96,34,1
Calcite,1596,1341,201.0,450.0,1331.0,1338.0,171,35,0
crystals,1797,1341,225.0,201.0,1331.0,1338.0,193,42,1
filling,2022,1341,394.0,225.0,1331.0,1338.0,168,43,0
cavity,1646,1458,855.0,394.0,1331.0,1331.0,144,42,0
347,797,1557,300.0,855.0,855.0,855.0,68,34,1
189130,1097,1557,501.0,300.0,857.0,855.0,144,37,0
Fine-grained,1598,1557,324.0,501.0,857.0,855.0,293,44,0
calcite,1922,1557,199.0,324.0,857.0,855.0,168,36,0
lining,2121,1557,484.0,199.0,857.0,855.0,144,44,0
fracture,1648,1658,859.0,484.0,857.0,857.0,195,35,0
349,796,1760,302.0,859.0,859.0,859.0,70,34,0
142i20,1098,1760,500.0,302.0,857.0,859.0,142,36,0
Calcite,1598,1760,199.0,500.0,857.0,859.0,168,35,0
crystals,1797,1760,225.0,199.0,857.0,859.0,193,42,0
filling,2022,1760,389.0,225.0,857.0,859.0,168,40,0
cavity,1647,1860,855.0,389.0,857.0,857.0,146,42,0
359,798,1960,300.0,855.0,855.0,855.0,69,34,0
17018,1098,1960,501.0,300.0,100.0,855.0,144,35,0
"Calcite,",1599,1960,224.0,501.0,100.0,855.0,189,42,0
fraction,1823,1960,223.0,224.0,100.0,855.0,192,35,0
A,2046,1960,1251.0,223.0,100.0,855.0,21,34,1
359,799,2059,300.0,1251.0,100.0,100.0,69,36,0
1851-18,1099,2059,498.0,300.0,103.0,100.0,143,38,1
"Calcite,",1597,2059,226.0,498.0,103.0,100.0,191,41,0
fraction,1823,2059,224.0,226.0,103.0,100.0,193,35,0
B,2047,2059,1254.0,224.0,103.0,100.0,19,33,0
359,798,2161,349.0,1254.0,103.0,103.0,69,34,0
>400,1147,2161,450.0,349.0,420.0,103.0,94,34,0
Uraniferous,1597,2161,301.0,450.0,420.0,103.0,269,34,0
opal,1898,2161,125.0,301.0,420.0,103.0,87,44,1
separate,2023,2161,1613.0,125.0,420.0,103.0,193,41,0
GU-32,421,2344,401.0,1613.0,420.0,420.0,121,53,0
63,822,2344,276.0,401.0,101.0,420.0,46,34,0
227120,1098,2344,501.0,276.0,101.0,420.0,144,35,0
Calcite,1599,2344,199.0,501.0,101.0,420.0,169,35,0
filling,1798,2344,201.0,199.0,101.0,420.0,169,43,0
fracture,1999,2344,1678.0,201.0,101.0,420.0,193,34,1
USW,322,2364,488.0,1678.0,101.0,101.0,72,34,0
131,800,2462,348.0,488.0,488.0,488.0,67,35,0
26+2,1148,2462,449.0,348.0,854.0,488.0,94,34,0
Calcite,1597,2462,202.0,449.0,854.0,488.0,172,35,0
from,1799,2462,124.0,202.0,854.0,488.0,96,36,0
calcite-opal,1923,2462,294.0,124.0,854.0,488.0,287,43,0
mixture,1647,2563,202.0,294.0,854.0,854.0,171,34,0
filling,1849,2563,200.0,202.0,856.0,854.0,168,42,0
fracture,2049,2563,1256.0,200.0,856.0,854.0,194,34,0
318,797,2663,351.0,1256.0,856.0,856.0,72,34,0
>400,1148,2663,451.0,351.0,507.0,856.0,93,34,0
Calcite,1599,2663,200.0,451.0,507.0,856.0,169,35,0
filling,1799,2663,199.0,200.0,507.0,856.0,168,43,0
fracture,1998,2663,1684.0,199.0,507.0,856.0,194,35,0
1,325,2847,48.0,1684.0,507.0,507.0,15,34,1
"Szabo,",373,2847,175.0,48.0,99.0,507.0,141,41,0
Carr,548,2847,125.0,175.0,99.0,507.0,95,33,1
and,673,2847,99.0,125.0,99.0,507.0,69,33,1
"Gottschall,",772,2847,302.0,99.0,99.0,507.0,267,40,0
1981.,1074,2847,757.0,302.0,99.0,507.0,115,35,0
2,324,2945,48.0,757.0,99.0,99.0,18,33,0
J.,372,2945,81.0,48.0,128.0,99.0,43,38,0
N.,450,2965,73.0,81.0,128.0,128.0,39,35,0
Rosholt,523,2965,202.0,73.0,158.0,128.0,171,35,0
and,725,2965,99.0,202.0,158.0,128.0,69,33,0
B.,824,2965,74.0,99.0,158.0,128.0,43,34,0
J.,898,2965,77.0,74.0,158.0,128.0,43,34,0
"Szabo,",975,2965,174.0,77.0,158.0,128.0,139,41,0
U.S.,1149,2965,124.0,174.0,158.0,128.0,92,34,0
Geological,1273,2965,276.0,124.0,158.0,128.0,239,43,0
"Survey,",1549,2965,199.0,276.0,158.0,128.0,168,43,0
written,1748,2965,202.0,199.0,158.0,128.0,171,35,0
"commun.,",1950,2965,224.0,202.0,158.0,128.0,191,32,0
1982,2174,2965,1853.0,224.0,158.0,128.0,95,35,0
and,324,3060,102.0,1853.0,158.0,158.0,68,34,0
1983.,426,3060,863.0,102.0,964.0,158.0,114,36,0
97,1282,3165,0,863.0,964.0,964.0,44,35,0
