word,x,y,x+1 dist,x-1 dist,y+1 dist,y-1 dist,width,height,table
//2,2220,141,1201.0,0,1201.0,0,119,74,0
APPENDIX,1029,292,225.0,1201.0,1201.0,1201.0,195,33,0
F,1254,292,54.0,225.0,104.0,1201.0,21,33,0
(cont),1308,292,296.0,54.0,104.0,1201.0,136,40,0
Drill,1031,395,151.0,296.0,104.0,104.0,112,34,0
Hole,1182,395,123.0,151.0,484.0,104.0,92,34,0
USW,1305,395,101.0,123.0,484.0,104.0,69,33,0
H-3,1406,395,855.0,101.0,484.0,104.0,66,34,0
Depth,557,492,225.0,855.0,484.0,484.0,120,38,0
1800,782,492,226.0,225.0,48.0,484.0,93,34,0
1800,1008,492,224.0,226.0,48.0,484.0,91,34,0
1800,1232,492,223.0,224.0,48.0,484.0,90,35,0
1800,1455,492,223.0,223.0,48.0,484.0,91,34,0
1800,1678,492,1118.0,223.0,48.0,484.0,92,34,0
(ft),561,539,39.0,1118.0,48.0,48.0,83,40,0
Unita,557,577,248.0,39.0,39.0,39.0,118,47,0
Tcp,805,577,225.0,248.0,113.0,39.0,69,38,0
Tcp,1030,577,224.0,225.0,113.0,39.0,68,37,0
Tcp,1254,577,224.0,224.0,113.0,39.0,68,36,0
Tcp,1478,577,223.0,224.0,113.0,39.0,68,38,0
Tcp,1701,577,1149.0,223.0,113.0,39.0,68,39,0
Si02,558,689,222.0,1149.0,113.0,113.0,91,34,0
68.9,780,689,224.0,222.0,52.0,113.0,92,35,0
70.7,1004,689,225.0,224.0,52.0,113.0,92,34,0
64.5,1229,689,224.0,225.0,52.0,113.0,91,35,0
58.5,1453,689,222.0,224.0,52.0,113.0,90,34,0
67.8,1675,689,1121.0,222.0,52.0,113.0,93,35,0
TiO2,556,740,246.0,1121.0,52.0,52.0,94,34,0
0.00,802,740,225.0,246.0,51.0,52.0,95,34,0
0.00,1027,740,225.0,225.0,51.0,52.0,94,34,0
0.00,1252,740,223.0,225.0,51.0,52.0,92,34,0
0.00,1475,740,224.0,223.0,51.0,52.0,93,34,0
0.00,1699,740,1145.0,224.0,51.0,52.0,92,34,0
Al203,556,791,225.0,1145.0,51.0,51.0,118,34,0
11.9,781,791,224.0,225.0,51.0,51.0,92,34,0
11.7,1005,791,225.0,224.0,51.0,51.0,90,34,0
11.5,1230,791,246.0,225.0,51.0,51.0,91,35,0
9.6,1476,791,200.0,246.0,51.0,51.0,69,34,0
12.1,1676,791,1123.0,200.0,51.0,51.0,89,34,0
Fe203,555,841,248.0,1123.0,51.0,51.0,120,34,0
0.05,803,841,224.0,248.0,51.0,51.0,94,34,0
0.03,1027,841,224.0,224.0,51.0,51.0,94,34,0
0.04,1251,841,225.0,224.0,51.0,51.0,94,34,0
0.11,1476,841,223.0,225.0,51.0,51.0,90,34,0
0.04,1699,841,1145.0,223.0,51.0,51.0,94,34,0
MgO,556,891,248.0,1145.0,51.0,51.0,69,42,0
0.04,804,891,224.0,248.0,53.0,51.0,94,34,0
0.02,1028,891,224.0,224.0,53.0,51.0,93,35,0
0.02,1252,891,224.0,224.0,53.0,51.0,93,35,0
0.01,1476,891,222.0,224.0,53.0,51.0,91,34,0
0.02,1698,891,1145.0,222.0,53.0,51.0,93,34,0
CaO,555,943,249.0,1145.0,53.0,53.0,71,33,0
3.61,804,943,224.0,249.0,49.0,53.0,91,34,0
3.52,1028,943,225.0,224.0,49.0,53.0,93,35,0
3.19,1253,943,223.0,225.0,49.0,53.0,93,35,0
2.85,1476,943,224.0,223.0,49.0,53.0,93,34,0
3.79,1700,943,1144.0,224.0,49.0,53.0,93,35,0
BaO,558,991,245.0,1144.0,49.0,49.0,68,34,0
0.00,803,991,224.0,245.0,49.0,49.0,95,34,0
0.07,1027,991,224.0,224.0,49.0,49.0,94,34,0
0.00,1251,991,224.0,224.0,49.0,49.0,95,34,0
0.00,1475,991,223.0,224.0,49.0,49.0,95,33,0
0.06,1698,991,1143.0,223.0,49.0,49.0,95,34,0
Na20,557,1039,245.0,1143.0,49.0,49.0,94,34,0
0.84,802,1039,225.0,245.0,52.0,49.0,94,34,0
0.84,1027,1039,224.0,225.0,52.0,49.0,93,35,0
0.85,1251,1039,224.0,224.0,52.0,49.0,92,35,0
0.66,1475,1039,223.0,224.0,52.0,49.0,92,33,0
0.98,1698,1039,1145.0,223.0,52.0,49.0,94,34,0
K20,555,1090,248.0,1145.0,52.0,52.0,69,34,0
2.87,803,1090,224.0,248.0,101.0,52.0,92,34,0
2.75,1027,1090,224.0,224.0,101.0,52.0,93,34,0
3.13,1251,1090,225.0,224.0,101.0,52.0,94,34,0
2.45,1476,1090,223.0,225.0,101.0,52.0,92,35,0
2.89,1699,1090,1148.0,223.0,101.0,52.0,92,34,0
Total,556,1190,222.0,1148.0,101.0,101.0,111,34,0
88.2,778,1190,225.0,222.0,245.0,101.0,92,35,0
89.6,1003,1190,224.0,225.0,245.0,101.0,92,34,0
83.2,1227,1190,225.0,224.0,245.0,101.0,92,36,0
74.2,1452,1190,221.0,225.0,245.0,101.0,90,34,0
87.7,1673,1190,901.0,221.0,245.0,101.0,93,34,0
Unit-Cell,778,1292,249.0,901.0,245.0,245.0,211,35,0
Composition,1027,1292,302.0,249.0,228.0,245.0,268,37,0
Based,1329,1292,147.0,302.0,228.0,245.0,115,34,0
on,1476,1292,73.0,147.0,228.0,245.0,42,25,0
72,1549,1292,79.0,73.0,228.0,245.0,43,35,0
(0),1628,1292,1074.0,79.0,228.0,245.0,60,40,0
Si,556,1340,223.0,1074.0,228.0,228.0,37,33,0
30.0,779,1340,223.0,223.0,52.0,228.0,93,34,0
30.2,1002,1340,225.0,223.0,52.0,228.0,93,34,0
29.8,1227,1340,224.0,225.0,52.0,228.0,92,36,0
30.2,1451,1340,223.0,224.0,52.0,228.0,91,35,0
29.8,1674,1340,1122.0,223.0,52.0,228.0,93,35,0
Ti,554,1391,248.0,1122.0,52.0,52.0,39,33,0
0.00,802,1391,224.0,248.0,51.0,52.0,94,34,0
0.00,1026,1391,225.0,224.0,51.0,52.0,94,34,0
0.00,1251,1391,223.0,225.0,51.0,52.0,92,35,0
0.00,1474,1391,224.0,223.0,51.0,52.0,93,34,0
0.00,1698,1391,1145.0,224.0,51.0,52.0,92,35,0
Al,555,1441,249.0,1145.0,51.0,51.0,37,34,0
6.10,804,1441,224.0,249.0,49.0,51.0,92,34,0
5.89,1028,1441,224.0,224.0,49.0,51.0,93,34,0
6.27,1252,1441,223.0,224.0,49.0,51.0,91,34,0
5.85,1475,1441,224.0,223.0,49.0,51.0,93,34,0
6.26,1699,1441,1147.0,224.0,49.0,51.0,93,35,0
Fe,554,1489,248.0,1147.0,49.0,49.0,45,33,0
0.02,802,1489,223.0,248.0,53.0,49.0,94,34,0
0.01,1025,1489,225.0,223.0,53.0,49.0,93,35,0
0.01,1250,1489,224.0,225.0,53.0,49.0,92,35,0
0.04,1474,1489,223.0,224.0,53.0,49.0,94,34,0
0.01,1697,1489,1144.0,223.0,53.0,49.0,92,34,0
Mg,555,1541,247.0,1144.0,53.0,53.0,43,41,0
0.03,802,1541,224.0,247.0,51.0,53.0,93,33,0
0.01,1026,1541,224.0,224.0,51.0,53.0,91,34,0
0.01,1250,1541,225.0,224.0,51.0,53.0,92,34,0
0.01,1475,1541,222.0,225.0,51.0,53.0,90,35,0
0.01,1697,1541,1145.0,222.0,51.0,53.0,92,34,0
Ca,554,1591,251.0,1145.0,51.0,51.0,44,34,0
1.68,805,1591,223.0,251.0,50.0,51.0,91,35,0
1.61,1028,1591,225.0,223.0,50.0,51.0,89,34,0
1.58,1253,1591,224.0,225.0,50.0,51.0,92,35,0
1.58,1477,1591,223.0,224.0,50.0,51.0,91,34,1
1.78,1700,1591,1146.0,223.0,50.0,51.0,92,35,0
Ba,556,1640,246.0,1146.0,50.0,50.0,43,33,0
0.00,802,1640,225.0,246.0,53.0,50.0,95,34,0
0.01,1027,1640,223.0,225.0,53.0,50.0,92,34,0
0.00,1250,1640,224.0,223.0,53.0,50.0,96,34,0
0.00,1474,1640,223.0,224.0,53.0,50.0,95,34,0
0.01,1697,1640,1142.0,223.0,53.0,50.0,93,35,0
Na,557,1692,246.0,1142.0,53.0,53.0,41,33,0
0.71,803,1692,224.0,246.0,51.0,53.0,91,34,0
0.70,1027,1692,224.0,224.0,51.0,53.0,93,35,0
0.76,1251,1692,224.0,224.0,51.0,53.0,93,35,0
0.66,1475,1692,223.0,224.0,51.0,53.0,93,34,0
0.83,1698,1692,1146.0,223.0,51.0,53.0,92,35,0
K,554,1742,251.0,1146.0,51.0,51.0,20,32,0
1.59,805,1742,225.0,251.0,607.0,51.0,91,34,0
1.50,1030,1742,224.0,225.0,607.0,51.0,91,34,0
1.85,1254,1742,224.0,224.0,607.0,51.0,91,35,0
1.61,1478,1742,222.0,224.0,607.0,51.0,88,34,0
1.62,1700,1742,556.0,222.0,607.0,51.0,91,34,0
Si/(Al+Fe),1153,1838,355.0,556.0,607.0,607.0,236,40,0
4.90,802,1889,225.0,355.0,355.0,355.0,93,34,0
5.12,1027,1889,223.0,225.0,181.0,355.0,92,34,0
4.75,1250,1889,225.0,223.0,181.0,355.0,94,35,0
5.13,1475,1889,222.0,225.0,181.0,355.0,91,35,0
4.74,1697,1889,749.0,222.0,181.0,355.0,94,34,0
(Al+Fe)/(2Mg+2Ca+2Ba+Na+K),955,1985,162.0,749.0,181.0,181.0,632,47,0
1.07,804,2041,224.0,162.0,162.0,162.0,89,34,0
1.08,1028,2041,224.0,224.0,176.0,162.0,92,35,0
1.08,1252,2041,224.0,224.0,176.0,162.0,92,35,0
1.08,1476,2041,223.0,224.0,176.0,162.0,91,34,0
1.03,1699,2041,756.0,223.0,176.0,162.0,91,35,0
Mol%,950,2138,126.0,756.0,176.0,176.0,96,34,0
Exchangeable,1076,2138,324.0,126.0,402.0,176.0,294,43,0
Cations,1400,2138,850.0,324.0,402.0,176.0,168,34,0
K,552,2191,226.0,850.0,402.0,402.0,20,32,0
39.7,778,2191,223.0,226.0,49.0,402.0,91,35,0
39.3,1001,2191,224.0,223.0,49.0,402.0,92,35,0
43.9,1225,2191,223.0,224.0,49.0,402.0,93,35,0
41.8,1448,2191,224.0,223.0,49.0,402.0,94,34,0
38.1,1672,2191,1120.0,224.0,49.0,402.0,90,35,0
Na,554,2239,225.0,1120.0,49.0,49.0,44,33,0
17.7,779,2239,224.0,225.0,53.0,49.0,89,35,0
18.2,1003,2239,224.0,224.0,53.0,49.0,91,34,0
18.1,1227,2239,224.0,224.0,53.0,49.0,89,35,0
17.1,1451,2239,223.0,224.0,53.0,49.0,89,35,0
19.6,1674,2239,1123.0,223.0,53.0,49.0,93,34,0
Ca+Mg,553,2291,223.0,1123.0,53.0,53.0,120,41,0
42.6,776,2291,225.0,223.0,798.0,53.0,95,34,0
42.5,1001,2291,224.0,225.0,798.0,53.0,93,34,0
37.9,1225,2291,223.0,224.0,798.0,53.0,93,36,0
41.1,1448,2291,224.0,223.0,798.0,53.0,92,33,1
42.3,1672,2291,1607.0,224.0,798.0,53.0,93,35,0
104,244,3026,0,1607.0,798.0,798.0,68,35,0
