word,x,y,x+1 dist,x-1 dist,y+1 dist,y-1 dist,width,height,table
with,404,243,85.0,0,125.0,0,70,31,0
indicated,489,243,168.0,85.0,125.0,0,153,28,0
subsurface,657,243,192.0,168.0,125.0,0,175,28,0
temperatures,849,243,232.0,192.0,125.0,0,217,31,0
above,1081,243,113.0,232.0,125.0,0,95,28,0
150C,1194,243,720.0,113.0,125.0,0,115,32,0
Reservoir,481,341,248.0,720.0,125.0,125.0,221,38,0
Assumptions,729,341,313.0,248.0,111.0,125.0,272,45,0
Sub-,433,441,172.0,313.0,111.0,111.0,92,38,0
Thick-,605,441,253.0,172.0,43.0,111.0,146,37,0
Vol-,858,441,201.0,253.0,43.0,111.0,94,37,0
Heat,1059,441,627.0,201.0,43.0,111.0,95,35,0
sur-,434,483,173.0,627.0,43.0,43.0,91,28,0
ness,607,483,252.0,173.0,62.0,43.0,94,27,0
ume,859,483,200.0,252.0,62.0,43.0,70,26,0
con-,1059,483,624.0,200.0,62.0,43.0,93,27,0
Comments,1683,483,1252.0,624.0,62.0,43.0,195,36,0
face,433,544,627.0,1252.0,62.0,62.0,94,36,0
tent,1060,544,629.0,627.0,43.0,62.0,94,33,0
area,433,587,627.0,629.0,43.0,43.0,93,29,0
1018,1060,587,57.0,627.0,628.0,43.0,92,42,0
cal,1058,643,626.0,57.0,628.0,628.0,64,36,0
km2,434,687,97.0,626.0,626.0,626.0,66,42,0
4/,531,687,77.0,97.0,266.0,626.0,44,41,0
km,608,687,74.0,77.0,266.0,626.0,45,36,0
5/,682,687,127.0,74.0,266.0,626.0,44,40,0
km3,809,687,98.0,127.0,266.0,626.0,68,41,0
6/,907,687,177.0,98.0,266.0,626.0,45,41,0
7/,1084,687,633.0,177.0,266.0,626.0,43,41,1
4,506,943,176.0,633.0,266.0,266.0,21,34,0
2,682,943,201.0,176.0,728.0,266.0,18,34,0
8,883,943,255.0,201.0,728.0,266.0,21,34,0
.9,1138,943,95.0,255.0,728.0,266.0,39,36,0
22,1233,943,76.0,95.0,728.0,266.0,45,34,0
springs,1309,943,200.0,76.0,728.0,266.0,168,44,0
and,1509,943,101.0,200.0,728.0,266.0,70,36,0
geysers,1610,943,202.0,101.0,728.0,266.0,168,35,0
in,1812,943,73.0,202.0,728.0,266.0,42,35,0
3,1885,943,51.0,73.0,728.0,266.0,20,35,0
thermal,1936,943,200.0,51.0,728.0,266.0,163,36,0
areas,2136,943,151.0,200.0,728.0,266.0,117,26,0
in,2287,943,1057.0,151.0,728.0,266.0,42,35,0
2,1232,994,51.0,1057.0,728.0,728.0,20,35,0
km,1283,994,77.0,51.0,51.0,728.0,46,35,0
long,1360,994,122.0,77.0,51.0,728.0,92,44,0
"zone,",1482,994,152.0,122.0,51.0,728.0,118,31,0
near,1634,994,124.0,152.0,51.0,728.0,96,27,0
Okmok,1758,994,150.0,124.0,51.0,728.0,121,35,0
Caldera;,1908,994,227.0,150.0,51.0,728.0,192,40,0
siliceous,2135,994,904.0,227.0,51.0,728.0,217,36,0
sinter,1233,1044,175.0,904.0,51.0,51.0,146,37,0
deposit.,1408,1044,908.0,175.0,734.0,51.0,184,43,0
2,506,1141,175.0,908.0,734.0,734.0,19,35,0
2,681,1141,200.0,175.0,729.0,734.0,20,35,0
4,881,1141,257.0,200.0,729.0,734.0,21,36,0
.3,1138,1141,95.0,257.0,729.0,734.0,40,36,0
Hot,1233,1141,101.0,95.0,729.0,734.0,71,36,0
springs,1334,1141,199.0,101.0,729.0,734.0,168,45,0
and,1533,1141,101.0,199.0,729.0,734.0,71,36,0
geysers,1634,1141,202.0,101.0,729.0,734.0,169,34,0
in,1836,1141,74.0,202.0,729.0,734.0,43,36,0
area,1910,1141,124.0,74.0,729.0,734.0,94,27,0
about,2034,1141,152.0,124.0,729.0,734.0,122,35,0
1,2186,1141,50.0,152.0,729.0,734.0,12,35,0
km2,2236,1141,1006.0,50.0,729.0,734.0,67,40,0
near,1232,1196,124.0,1006.0,729.0,729.0,97,27,0
Okmok,1356,1196,151.0,124.0,732.0,729.0,121,36,0
caldera.,1507,1196,1005.0,151.0,732.0,729.0,190,36,0
1.5,507,1294,175.0,1005.0,732.0,732.0,68,36,0
1.5,682,1294,199.0,175.0,727.0,732.0,68,36,0
2.25,881,1294,256.0,199.0,727.0,732.0,95,36,0
.2,1137,1294,95.0,256.0,727.0,732.0,40,36,0
Several,1232,1294,200.0,95.0,727.0,732.0,164,36,0
springs,1432,1294,201.0,200.0,727.0,732.0,169,44,0
discharging,1633,1294,299.0,201.0,727.0,732.0,270,44,0
"'1,380",1932,1294,128.0,299.0,727.0,732.0,96,35,0
lpm;,2060,1294,124.0,128.0,727.0,732.0,90,43,0
chemical,2184,1294,954.0,124.0,727.0,732.0,188,37,0
data,1232,1346,125.0,954.0,727.0,727.0,95,36,0
not,1357,1346,102.0,125.0,733.0,727.0,72,33,0
reliable.,1459,1346,958.0,102.0,733.0,727.0,208,36,0
1.5,506,1443,176.0,958.0,733.0,733.0,68,36,0
1.5,682,1443,199.0,176.0,727.0,733.0,68,36,0
2.25,881,1443,255.0,199.0,727.0,733.0,95,36,0
.2,1136,1443,95.0,255.0,727.0,733.0,39,37,0
Hot,1231,1443,101.0,95.0,727.0,733.0,72,36,1
springs,1332,1443,200.0,101.0,727.0,733.0,168,45,0
and,1532,1443,101.0,200.0,727.0,733.0,71,35,0
fumaroles,1633,1443,249.0,101.0,727.0,733.0,218,37,0
on,1882,1443,75.0,249.0,727.0,733.0,45,26,0
active,1957,1443,174.0,75.0,727.0,733.0,146,36,0
Akutan,2131,1443,902.0,174.0,727.0,733.0,146,37,0
volcano.,1231,1496,751.0,902.0,727.0,727.0,189,36,0
2.5(?),505,1688,177.0,751.0,751.0,751.0,140,47,0
1,682,1688,199.0,177.0,729.0,751.0,11,36,0
2.5,881,1688,255.0,199.0,729.0,751.0,69,36,0
.2,1136,1688,94.0,255.0,729.0,751.0,39,36,0
No,1230,1688,76.0,94.0,729.0,751.0,46,35,0
natural,1306,1688,202.0,76.0,729.0,751.0,164,36,0
springs;,1508,1688,226.0,202.0,729.0,751.0,190,45,1
two,1734,1688,95.0,226.0,729.0,751.0,69,33,0
wells,1829,1688,230.0,95.0,729.0,751.0,122,36,0
km,2059,1688,74.0,230.0,729.0,751.0,45,35,0
apart,2133,1688,904.0,74.0,729.0,751.0,120,41,0
drilled,1231,1743,202.0,904.0,729.0,729.0,170,36,0
to,1433,1743,75.0,202.0,50.0,729.0,43,33,0
3,1508,1743,51.0,75.0,50.0,729.0,19,34,0
km,1559,1743,73.0,51.0,50.0,729.0,45,35,0
depth,1632,1743,147.0,73.0,50.0,729.0,120,44,1
with,1779,1743,129.0,147.0,50.0,729.0,98,36,0
bottom-hole,1908,1743,300.0,129.0,50.0,729.0,270,37,0
tem-,2208,1743,979.0,300.0,50.0,729.0,93,33,0
peratures,1231,1793,251.0,979.0,50.0,50.0,219,41,0
of,1482,1793,77.0,251.0,51.0,50.0,47,34,0
163C,1559,1793,149.0,77.0,51.0,50.0,118,37,0
and,1708,1793,102.0,149.0,51.0,50.0,70,36,0
184C;,1810,1793,173.0,102.0,51.0,50.0,139,43,0
discharge,1983,1793,249.0,173.0,51.0,50.0,219,44,0
esti-,2232,1793,1006.0,249.0,51.0,50.0,119,37,0
mated,1228,1843,155.0,1006.0,51.0,51.0,123,36,0
"19,000",1383,1843,176.0,155.0,939.0,51.0,145,42,0
1/min.,1559,1843,175.0,176.0,939.0,51.0,137,42,0
from,1734,1843,123.0,175.0,939.0,51.0,96,35,0
below,1857,1843,151.0,123.0,939.0,51.0,123,37,0
2,2008,1843,50.0,151.0,939.0,51.0,19,35,0
km.,2058,1843,1144.0,50.0,939.0,51.0,62,35,0
11,1385,2768,0,1144.0,939.0,939.0,41,30,0
