word,x,y,x+1 dist,x-1 dist,y+1 dist,y-1 dist,width,height,table
Figure,612,258,165.0,0,144.0,0,139,44,0
2,777,258,49.0,165.0,144.0,0,21,34,0
depicts,826,258,175.0,49.0,144.0,0,150,47,0
the,1001,258,94.0,175.0,144.0,0,66,37,0
characteristic,1095,258,316.0,94.0,144.0,0,288,36,0
curves,1411,258,159.0,316.0,144.0,0,133,24,0
(saturation-pressure,1570,258,458.0,159.0,144.0,0,431,51,0
relationships),2028,258,1524.0,458.0,144.0,0,290,50,0
for,508,357,80.0,1524.0,144.0,144.0,60,37,0
the,588,357,87.0,80.0,99.0,144.0,66,35,0
matrix,675,357,165.0,87.0,99.0,144.0,143,37,0
(Peters,840,357,170.0,165.0,99.0,144.0,151,50,0
et,1010,357,60.0,170.0,99.0,144.0,39,31,0
"al.,",1070,357,87.0,60.0,99.0,144.0,62,44,0
1984),1157,357,134.0,87.0,99.0,144.0,111,51,0
and,1291,357,96.0,134.0,99.0,144.0,76,36,0
the,1387,357,86.0,96.0,99.0,144.0,67,35,0
vertical,1473,357,182.0,86.0,99.0,144.0,161,36,0
fractures,1655,357,211.0,182.0,99.0,144.0,191,37,0
in,1866,357,59.0,211.0,99.0,144.0,39,35,0
the,1925,357,89.0,59.0,99.0,144.0,67,36,0
five,2014,357,95.0,89.0,99.0,144.0,73,37,0
units.,2109,357,154.0,95.0,99.0,144.0,118,35,0
As,2263,357,1756.0,154.0,99.0,144.0,56,36,0
apparent,510,455,215.0,1756.0,99.0,99.0,191,42,0
from,725,455,125.0,215.0,100.0,99.0,101,38,0
Figure,850,455,165.0,125.0,100.0,99.0,139,44,0
"2,",1015,455,60.0,165.0,100.0,99.0,36,43,0
the,1075,455,91.0,60.0,100.0,99.0,66,37,0
fractures,1166,455,216.0,91.0,100.0,99.0,190,36,0
in,1382,455,63.0,216.0,100.0,99.0,38,35,0
all,1445,455,74.0,63.0,100.0,99.0,49,37,0
units,1519,455,129.0,74.0,100.0,99.0,105,36,0
easily,1648,455,144.0,129.0,100.0,99.0,119,44,0
desaturate,1792,455,249.0,144.0,100.0,99.0,225,37,0
with,2041,455,122.0,249.0,100.0,99.0,96,36,0
a,2163,455,44.0,122.0,100.0,99.0,22,23,0
small,2207,455,1702.0,44.0,100.0,99.0,111,38,0
suction,508,554,176.0,1702.0,100.0,100.0,154,35,0
of,684,554,60.0,176.0,99.0,100.0,42,36,0
-0.1,744,554,102.0,60.0,99.0,100.0,77,34,0
m,846,554,61.0,102.0,99.0,100.0,38,24,0
to,907,554,61.0,61.0,99.0,100.0,42,30,0
-1.,968,554,77.0,61.0,99.0,100.0,54,32,0
m,1045,554,60.0,77.0,99.0,100.0,38,24,0
of,1105,554,61.0,60.0,99.0,100.0,41,36,0
pressure,1166,554,197.0,61.0,99.0,100.0,174,33,0
head.,1363,554,150.0,197.0,99.0,100.0,113,36,0
For,1513,554,98.0,150.0,99.0,100.0,77,35,0
the,1611,554,87.0,98.0,99.0,100.0,65,35,0
"matrix,",1698,554,176.0,87.0,99.0,100.0,156,43,0
significant,1874,554,246.0,176.0,99.0,100.0,222,44,0
desatura-,2120,554,1614.0,246.0,99.0,100.0,199,36,0
tion,509,652,111.0,1614.0,99.0,99.0,84,35,0
occurs,620,652,163.0,111.0,96.0,99.0,135,24,0
only,783,652,118.0,163.0,96.0,99.0,92,45,0
when,901,652,140.0,118.0,96.0,99.0,113,36,0
the,1041,652,95.0,140.0,96.0,99.0,67,36,0
pressure-heads,1136,652,343.0,95.0,96.0,99.0,315,44,0
are,1479,652,91.0,343.0,96.0,99.0,63,24,0
in,1570,652,66.0,91.0,96.0,99.0,39,35,0
the,1636,652,94.0,66.0,96.0,99.0,67,35,0
order,1730,652,139.0,94.0,96.0,99.0,114,36,1
of,1869,652,66.0,139.0,96.0,99.0,43,36,0
-100,1935,652,119.0,66.0,96.0,99.0,93,34,0
m.,2054,652,96.0,119.0,96.0,99.0,52,23,0
For,2150,652,103.0,96.0,96.0,99.0,76,34,0
the,2253,652,1748.0,103.0,96.0,99.0,66,36,0
welded,508,747,171.0,1748.0,96.0,96.0,148,37,0
Tiva,679,747,120.0,171.0,98.0,96.0,99,35,0
Canyon,799,747,186.0,120.0,98.0,96.0,165,45,0
unit,985,747,108.0,186.0,98.0,96.0,84,35,0
(Fig.,1093,747,117.0,108.0,98.0,96.0,96,51,1
"2a),",1210,747,99.0,117.0,98.0,96.0,77,50,0
the,1309,747,85.0,99.0,98.0,96.0,65,36,0
welded,1394,747,169.0,85.0,98.0,96.0,148,36,0
Topopah,1563,747,212.0,169.0,98.0,96.0,191,45,0
Spring,1775,747,161.0,212.0,98.0,96.0,138,45,0
unit,1936,747,106.0,161.0,98.0,96.0,83,36,0
(Fig.,2042,747,119.0,106.0,98.0,96.0,97,50,0
2c),2161,747,82.0,119.0,98.0,96.0,61,51,0
and,2243,747,1738.0,82.0,98.0,96.0,76,36,1
the,508,845,91.0,1738.0,98.0,98.0,68,36,0
zeolitic,599,845,172.0,91.0,102.0,98.0,149,36,0
Calico,771,845,154.0,172.0,102.0,98.0,134,37,0
Hills,925,845,119.0,154.0,102.0,98.0,98,37,0
unit,1044,845,109.0,119.0,102.0,98.0,86,34,0
(Fig.,1153,845,118.0,109.0,102.0,98.0,97,49,0
"2e),",1271,845,96.0,118.0,102.0,98.0,75,49,0
significant,1367,845,242.0,96.0,102.0,98.0,221,44,0
saturations,1609,845,262.0,242.0,102.0,98.0,242,35,0
(0.3,1871,845,98.0,262.0,102.0,98.0,78,49,0
or,1969,845,64.0,98.0,102.0,98.0,44,24,0
more),2033,845,146.0,64.0,102.0,98.0,125,49,0
can,2179,845,94.0,146.0,102.0,98.0,73,25,0
be,2273,845,1766.0,94.0,102.0,98.0,46,35,0
maintained,510,946,267.0,1766.0,102.0,102.0,243,37,0
even,777,946,119.0,267.0,95.0,102.0,97,24,0
with,896,946,121.0,119.0,95.0,102.0,97,36,0
pressure,1017,946,200.0,121.0,95.0,102.0,175,33,1
heads,1217,946,142.0,200.0,95.0,102.0,119,36,0
in,1359,946,64.0,142.0,95.0,102.0,40,34,0
the,1423,946,89.0,64.0,95.0,102.0,67,37,0
"-1,000",1512,946,154.0,89.0,95.0,102.0,130,41,0
m,1666,946,64.0,154.0,95.0,102.0,38,24,0
range.,1730,946,169.0,64.0,95.0,102.0,128,33,0
For,1899,946,100.0,169.0,95.0,102.0,77,35,1
the,1999,946,92.0,100.0,95.0,102.0,67,36,0
nonwelded,2091,946,1585.0,92.0,95.0,102.0,229,36,0
Paintbrush,509,1040,267.0,1585.0,95.0,95.0,240,36,0
unit,776,1040,113.0,267.0,99.0,95.0,85,35,0
(Fig.,889,1040,124.0,113.0,99.0,95.0,96,48,0
2b),1013,1040,93.0,124.0,99.0,95.0,66,49,1
and,1106,1040,102.0,93.0,99.0,95.0,76,35,0
the,1208,1040,91.0,102.0,99.0,95.0,66,35,0
vitric,1299,1040,141.0,91.0,99.0,95.0,112,35,0
Calico,1440,1040,156.0,141.0,99.0,95.0,133,35,0
Hills,1596,1040,123.0,156.0,99.0,95.0,96,35,0
unit,1719,1040,112.0,123.0,99.0,95.0,84,35,0
(Fig.,1831,1040,123.0,112.0,99.0,95.0,96,49,0
"2d),",1954,1040,108.0,123.0,99.0,95.0,80,49,0
most,2062,1040,127.0,108.0,99.0,95.0,102,31,0
of,2189,1040,64.0,127.0,99.0,95.0,42,35,0
the,2253,1040,1747.0,64.0,99.0,95.0,66,35,0
saturation,509,1139,245.0,1747.0,99.0,99.0,221,36,0
change,754,1139,170.0,245.0,98.0,99.0,148,45,0
occurs,924,1139,157.0,170.0,98.0,99.0,136,24,0
over,1081,1139,116.0,157.0,98.0,99.0,94,24,0
a,1197,1139,46.0,116.0,98.0,99.0,23,24,0
relatively,1243,1139,223.0,46.0,98.0,99.0,201,45,0
narrow,1466,1139,174.0,223.0,98.0,99.0,149,25,0
pressure,1640,1139,199.0,174.0,98.0,99.0,175,32,0
range,1839,1139,142.0,199.0,98.0,99.0,118,31,0
around,1981,1139,172.0,142.0,98.0,99.0,151,37,0
-100,2153,1139,115.0,172.0,98.0,99.0,93,33,0
"m,",2268,1139,1761.0,115.0,98.0,99.0,52,31,0
indicating,510,1236,248.0,1761.0,98.0,98.0,215,45,0
a,758,1236,53.0,248.0,99.0,98.0,23,24,0
nearly,811,1236,164.0,53.0,99.0,98.0,132,44,0
uniform,975,1236,203.0,164.0,99.0,98.0,170,37,0
pore-size,1178,1236,219.0,203.0,99.0,98.0,186,45,0
distribution.,1397,1236,316.0,219.0,99.0,98.0,266,37,0
Some,1713,1236,144.0,316.0,99.0,98.0,112,35,0
of,1857,1236,71.0,144.0,99.0,98.0,42,34,0
the,1928,1236,99.0,71.0,99.0,98.0,66,36,0
differences,2027,1236,255.0,99.0,99.0,98.0,224,37,0
in,2282,1236,1774.0,255.0,99.0,98.0,39,35,0
characteristic,511,1334,317.0,1774.0,99.0,99.0,289,37,0
curves,828,1334,162.0,317.0,99.0,99.0,135,24,0
between,990,1334,200.0,162.0,99.0,99.0,176,36,0
the,1190,1334,93.0,200.0,99.0,99.0,67,37,0
welded,1283,1334,175.0,93.0,99.0,99.0,149,36,0
and,1458,1334,104.0,175.0,99.0,99.0,77,37,0
nonwelded,1562,1334,254.0,104.0,99.0,99.0,229,37,0
tuff,1816,1334,100.0,254.0,99.0,99.0,78,36,0
may,1916,1334,116.0,100.0,99.0,99.0,91,32,0
be,2032,1334,74.0,116.0,99.0,99.0,47,36,0
related,2106,1334,173.0,74.0,99.0,99.0,148,36,0
to,2279,1334,1770.0,173.0,99.0,99.0,43,31,0
deposition,512,1432,244.0,1770.0,99.0,99.0,219,46,0
processes,756,1432,219.0,244.0,100.0,99.0,196,33,0
whereby,975,1432,205.0,219.0,100.0,99.0,183,45,0
well-sorted,1180,1432,261.0,205.0,100.0,99.0,235,37,1
ash,1441,1432,91.0,261.0,100.0,99.0,68,36,0
falls,1532,1432,112.0,91.0,100.0,99.0,88,38,0
form,1644,1432,123.0,112.0,100.0,99.0,99,37,0
the,1767,1432,92.0,123.0,100.0,99.0,67,37,0
nonwelded,1859,1432,255.0,92.0,100.0,99.0,230,37,0
units,2114,1432,131.0,255.0,100.0,99.0,106,35,0
and,2245,1432,1736.0,131.0,100.0,99.0,77,36,0
the,512,1532,97.0,1736.0,100.0,100.0,65,37,0
microscopically,609,1532,363.0,97.0,98.0,100.0,331,46,0
heterogeneous,972,1532,336.0,363.0,98.0,100.0,304,46,0
induration,1308,1532,256.0,336.0,98.0,100.0,224,38,1
processes,1564,1532,227.0,256.0,98.0,100.0,195,33,0
convert,1791,1532,189.0,227.0,98.0,100.0,160,32,0
large,1980,1532,137.0,189.0,98.0,100.0,104,46,0
ash,2117,1532,98.0,137.0,98.0,100.0,67,37,0
flows,2215,1532,1707.0,98.0,98.0,100.0,106,37,0
into,511,1629,101.0,1707.0,98.0,98.0,85,36,1
welded,612,1629,170.0,101.0,574.0,98.0,152,37,0
tuff,782,1629,94.0,170.0,574.0,98.0,76,37,1
"(Sinnock,",876,1629,220.0,94.0,574.0,98.0,200,49,0
personal,1096,1629,200.0,220.0,574.0,98.0,179,44,0
"communication,",1296,1629,367.0,200.0,574.0,98.0,345,43,0
1985).,1663,1629,602.0,367.0,574.0,98.0,126,51,0
Table,1073,1744,163.0,602.0,574.0,574.0,141,35,0
1.,1236,1744,74.0,163.0,219.0,574.0,38,33,0
Matrix,1310,1744,191.0,74.0,219.0,574.0,171,37,0
Properties,1501,1744,606.0,191.0,219.0,574.0,259,44,0
Saturated,914,1894,67.0,606.0,219.0,219.0,164,26,0
Permeability,870,1944,227.0,67.0,67.0,67.0,211,31,0
"k,",1097,1944,472.0,227.0,247.0,67.0,28,34,0
Unit,628,1989,226.0,472.0,247.0,247.0,72,24,0
(Conductivity,854,1989,245.0,226.0,290.0,247.0,229,36,0
(1)),1099,1989,94.0,245.0,290.0,247.0,38,40,0
Porosity(1),1193,1989,220.0,94.0,290.0,247.0,168,38,0
van,1413,1989,74.0,220.0,290.0,247.0,58,17,0
Genuchten,1487,1989,193.0,74.0,290.0,247.0,177,25,0
Parameters,1680,1989,204.0,193.0,290.0,247.0,191,25,0
(2),1884,1989,91.0,204.0,290.0,247.0,27,26,0
Compressibility,1975,1989,274.0,91.0,290.0,247.0,258,31,0
(3),2249,1989,1342.0,274.0,290.0,247.0,27,26,0
m2,909,2058,52.0,1342.0,290.0,290.0,40,29,0
(mm/yr),961,2058,309.0,52.0,347.0,290.0,124,35,0
0,1270,2058,171.0,309.0,347.0,290.0,16,29,0
a,1441,2058,33.0,171.0,347.0,290.0,18,16,0
(1/m),1474,2058,207.0,33.0,347.0,290.0,81,35,0
n,1681,2058,163.0,207.0,347.0,290.0,14,15,0
Sr,1844,2058,215.0,163.0,347.0,290.0,29,32,0
"a,,",2059,2058,42.0,215.0,347.0,290.0,29,25,0
(1/13a),2101,2058,1534.0,42.0,347.0,290.0,93,35,0
Tiva,569,2126,80.0,1534.0,347.0,347.0,68,27,0
Canyon,649,2126,226.0,80.0,70.0,347.0,110,32,0
2.55,875,2126,69.0,226.0,70.0,347.0,58,24,0
x,944,2126,31.0,69.0,70.0,347.0,17,18,0
io-18,975,2126,81.0,31.0,70.0,347.0,69,30,0
(0.8),1056,2126,190.0,81.0,70.0,347.0,64,36,0
0.1,1246,2126,170.0,190.0,70.0,347.0,40,25,0
8.21,1416,2126,71.0,170.0,70.0,347.0,58,25,0
x,1487,2126,30.0,71.0,70.0,347.0,17,18,0
10-8,1517,2126,134.0,30.0,70.0,347.0,57,31,0
1.558,1651,2126,157.0,134.0,70.0,347.0,72,25,0
0.002,1808,2126,230.0,157.0,70.0,347.0,75,25,0
6.32,2038,2126,71.0,230.0,70.0,347.0,59,25,0
x,2109,2126,31.0,71.0,70.0,347.0,16,17,0
10-11,2140,2126,1530.0,31.0,70.0,347.0,68,29,0
Welded,611,2181,70.0,1530.0,70.0,70.0,106,26,0
Paintbrush,582,2244,290.0,70.0,70.0,70.0,162,27,0
2.45,872,2244,69.0,290.0,54.0,70.0,56,24,0
x,941,2244,32.0,69.0,54.0,70.0,17,16,0
10-15,973,2244,80.0,32.0,54.0,70.0,67,30,0
(760),1053,2244,193.0,80.0,54.0,70.0,71,36,0
0.45,1246,2244,173.0,193.0,54.0,70.0,58,24,0
1.50,1419,2244,68.0,173.0,54.0,70.0,56,25,0
x,1487,2244,31.0,68.0,54.0,70.0,16,17,0
10-2,1518,2244,131.0,31.0,54.0,70.0,55,30,0
6.872,1649,2244,159.0,131.0,54.0,70.0,74,24,0
0.1001,1808,2244,231.0,159.0,54.0,70.0,90,23,0
8.36,2039,2244,70.0,231.0,54.0,70.0,58,24,0
x,2109,2244,31.0,70.0,54.0,70.0,17,17,0
10-1,2140,2244,1556.0,31.0,54.0,70.0,69,30,0
Non,585,2297,62.0,1556.0,54.0,54.0,56,25,0
welded,647,2297,120.0,62.0,75.0,54.0,96,25,0
Topopah,546,2360,144.0,120.0,75.0,75.0,129,30,0
Spring,690,2360,184.0,144.0,84.0,75.0,94,31,0
3.57,874,2360,71.0,184.0,84.0,75.0,58,23,0
x,945,2360,31.0,71.0,84.0,75.0,16,17,0
1Cr18,976,2360,81.0,31.0,84.0,75.0,68,29,0
(1.1),1057,2360,189.0,81.0,84.0,75.0,63,35,0
0.15,1246,2360,172.0,189.0,84.0,75.0,59,25,0
5.67,1418,2360,70.0,172.0,84.0,75.0,57,24,0
x,1488,2360,30.0,70.0,84.0,75.0,16,17,0
10-8,1518,2360,133.0,30.0,84.0,75.0,56,29,0
1.798,1651,2360,158.0,133.0,84.0,75.0,72,24,0
0.0801,1809,2360,229.0,158.0,84.0,75.0,90,24,0
8.36,2038,2360,72.0,229.0,84.0,75.0,60,24,0
x,2110,2360,30.0,72.0,84.0,75.0,16,15,0
10-11,2140,2360,1530.0,30.0,84.0,75.0,69,28,0
Welded,611,2413,68.0,1530.0,84.0,84.0,107,24,0
Calico,583,2474,101.0,68.0,68.0,68.0,88,25,0
Hills,684,2474,190.0,101.0,68.0,68.0,63,25,0
1.33,874,2474,67.0,190.0,68.0,68.0,54,23,0
x,941,2474,32.0,67.0,68.0,68.0,17,17,0
10-15,973,2474,81.0,32.0,68.0,68.0,68,30,1
(410),1054,2474,193.0,81.0,68.0,68.0,71,35,0
0.39,1247,2474,173.0,193.0,68.0,68.0,56,24,0
1.60,1420,2474,68.0,173.0,68.0,68.0,55,23,0
x,1488,2474,30.0,68.0,68.0,68.0,16,16,0
10-2,1518,2474,132.0,30.0,68.0,68.0,56,30,0
3.872,1650,2474,159.0,132.0,68.0,68.0,74,24,0
0.0405,1809,2474,231.0,159.0,68.0,68.0,92,24,0
3.98,2040,2474,71.0,231.0,68.0,68.0,58,24,0
x,2111,2474,1488.0,71.0,68.0,68.0,16,15,0
Vitric,624,2528,74.0,1488.0,68.0,68.0,81,24,0
Calico,583,2589,101.0,74.0,74.0,74.0,89,25,1
Hills,684,2589,191.0,101.0,62.0,74.0,63,25,0
4.28,875,2589,70.0,191.0,62.0,74.0,58,24,0
x,945,2589,31.0,70.0,62.0,74.0,16,16,0
10-18,976,2589,81.0,31.0,62.0,74.0,68,30,0
(1.3),1057,2589,190.0,81.0,62.0,74.0,64,35,1
0.30,1247,2589,170.0,190.0,62.0,74.0,58,24,0
3.08,1417,2589,71.0,170.0,62.0,74.0,59,23,0
x,1488,2589,30.0,71.0,62.0,74.0,17,17,1
10-8,1518,2589,134.0,30.0,62.0,74.0,57,30,0
1.602,1652,2589,157.0,134.0,62.0,74.0,72,24,0
0.1095,1809,2589,231.0,157.0,62.0,74.0,92,23,0
2.65,2040,2589,71.0,231.0,62.0,74.0,58,24,0
x,2111,2589,30.0,71.0,62.0,74.0,16,16,0
10-1,2141,2589,1528.0,30.0,62.0,74.0,70,28,0
Zeolitic,614,2642,145.0,1528.0,62.0,62.0,103,26,0
(1),512,2745,60.0,145.0,145.0,145.0,36,35,0
Average,572,2745,131.0,60.0,64.0,145.0,115,30,0
values,703,2745,101.0,131.0,64.0,145.0,86,25,0
of,804,2745,40.0,101.0,64.0,145.0,27,25,0
"samples,",844,2745,135.0,40.0,64.0,145.0,119,30,0
"Sinnock,",979,2745,135.0,135.0,64.0,145.0,121,31,0
"Lin,",1114,2745,70.0,135.0,64.0,145.0,54,29,0
and,1184,2745,65.0,70.0,64.0,145.0,50,26,0
"Brannen,",1249,2745,148.0,65.0,64.0,145.0,131,29,0
1984.,1397,2745,889.0,148.0,64.0,145.0,69,23,1
(2),511,2808,61.0,889.0,64.0,64.0,37,36,1
Peters,572,2808,105.0,61.0,64.0,64.0,89,25,0
et,677,2808,38.0,105.0,64.0,64.0,24,21,0
al.,715,2808,46.0,38.0,64.0,64.0,31,24,0
"(1984),",761,2808,111.0,46.0,64.0,64.0,96,36,1
fitted,872,2808,90.0,111.0,64.0,64.0,75,25,0
to,962,2808,41.0,90.0,64.0,64.0,28,22,0
van,1003,2808,66.0,41.0,64.0,64.0,50,17,0
Genuchten,1069,2808,170.0,66.0,64.0,64.0,154,26,0
(1980),1239,2808,101.0,170.0,64.0,64.0,86,34,0
formula.,1340,2808,832.0,101.0,64.0,64.0,119,24,0
(3),511,2872,61.0,832.0,64.0,64.0,37,37,0
Nimick,572,2872,118.0,61.0,923.0,64.0,102,26,0
et,690,2872,38.0,118.0,923.0,64.0,25,22,0
al.,728,2872,46.0,38.0,923.0,64.0,32,25,0
"(1984),",774,2872,110.0,46.0,923.0,64.0,97,35,0
Topopah,884,2872,144.0,110.0,923.0,64.0,130,32,0
Spring,1028,2872,108.0,144.0,923.0,64.0,94,31,0
value,1136,2872,89.0,108.0,923.0,64.0,75,24,0
based,1225,2872,93.0,89.0,923.0,64.0,78,26,0
on,1318,2872,47.0,93.0,923.0,64.0,32,17,0
depth-weighted,1365,2872,239.0,47.0,923.0,64.0,224,32,0
average.,1604,2872,283.0,239.0,923.0,64.0,117,22,0
5,1410,3078,0,283.0,923.0,923.0,22,32,0
