word,x,y,x+1 dist,x-1 dist,y+1 dist,y-1 dist,width,height,table
/,2178,70,114.0,0,2000.0,0,41,59,0
"""'",2292,70,2114.0,114.0,2000.0,0,46,24,0
WATER,179,130,152.0,2114.0,2000.0,2000.0,137,30,0
FOR,331,130,94.0,152.0,1110.0,2000.0,79,30,0
NEVADA,425,130,900.0,94.0,1110.0,2000.0,161,30,0
TABLE,1157,653,154.0,900.0,1110.0,1110.0,137,30,0
127,1311,653,816.0,154.0,663.0,1110.0,70,30,0
NEVADA,498,718,193.0,816.0,663.0,663.0,177,31,0
SWINE,691,718,158.0,193.0,206.0,663.0,142,31,0
WATER,849,718,163.0,158.0,206.0,663.0,147,30,0
CONSUMPTION,1012,718,350.0,163.0,206.0,663.0,331,32,0
IN,1362,718,58.0,350.0,206.0,663.0,41,31,0
ACRE-FEET,1420,718,263.0,58.0,206.0,663.0,247,32,0
BY,1683,718,68.0,263.0,206.0,663.0,54,30,0
COUNTY,1751,718,196.0,68.0,206.0,663.0,181,32,0
AND,1947,718,1649.0,196.0,206.0,663.0,94,30,0
HYDROGRAPHIC,299,768,375.0,1649.0,206.0,206.0,357,32,0
"REGION,",674,768,200.0,375.0,779.0,206.0,184,37,0
AVERAGE,874,768,225.0,200.0,779.0,206.0,208,32,0
1966-1970,1099,768,226.0,225.0,779.0,206.0,212,32,0
AND,1325,768,111.0,226.0,779.0,206.0,94,31,0
PROJECTED,1436,768,274.0,111.0,779.0,206.0,260,32,0
TO,1710,768,73.0,274.0,779.0,206.0,56,32,0
"1980,",1783,768,123.0,73.0,779.0,206.0,107,37,0
2000,1906,768,112.0,123.0,779.0,206.0,98,31,0
AND,2018,768,109.0,112.0,779.0,206.0,94,31,0
20201,2127,768,1061.0,109.0,779.0,206.0,110,31,0
Average,1071,867,802.0,1061.0,779.0,779.0,132,30,0
County,271,908,783.0,802.0,802.0,802.0,111,29,0
1966-1970,1054,908,417.0,783.0,76.0,802.0,167,24,0
1980,1471,908,367.0,417.0,76.0,802.0,76,24,0
2000,1838,908,368.0,367.0,76.0,802.0,77,24,0
2020,2206,908,1939.0,368.0,76.0,802.0,77,24,0
Carson,269,983,122.0,1939.0,76.0,76.0,107,24,0
City,391,983,750.0,122.0,41.0,76.0,60,29,0
0,1141,983,372.0,750.0,41.0,76.0,18,24,0
1,1513,983,368.0,372.0,41.0,76.0,9,24,0
1,1881,983,368.0,368.0,41.0,76.0,9,23,0
1,2249,983,1981.0,368.0,41.0,76.0,9,23,0
Churchill,269,1024,872.0,1981.0,41.0,41.0,138,25,0
3,1141,1024,369.0,872.0,42.0,41.0,17,24,0
5,1510,1024,369.0,369.0,42.0,41.0,17,23,0
5,1879,1024,368.0,369.0,42.0,41.0,16,24,0
5,2247,1024,1979.0,368.0,42.0,41.0,16,23,0
Clark,269,1066,855.0,1979.0,42.0,42.0,80,25,0
13,1124,1066,368.0,855.0,43.0,42.0,34,24,0
14,1492,1066,368.0,368.0,43.0,42.0,35,23,0
14,1860,1066,369.0,368.0,43.0,42.0,34,23,0
14,2229,1066,1959.0,369.0,43.0,42.0,34,24,0
Douglas,271,1108,871.0,1959.0,43.0,43.0,125,29,0
3,1142,1108,368.0,871.0,41.0,43.0,16,24,0
3,1510,1108,368.0,368.0,41.0,43.0,17,25,0
3,1878,1108,369.0,368.0,41.0,43.0,16,24,0
3,2247,1108,1977.0,369.0,41.0,43.0,16,23,0
Elko,271,1149,870.0,1977.0,41.0,41.0,66,25,0
0,1141,1149,372.0,870.0,42.0,41.0,18,24,0
1,1513,1149,368.0,372.0,42.0,41.0,9,24,0
1,1881,1149,369.0,368.0,42.0,41.0,9,24,0
1,2250,1149,1980.0,369.0,42.0,41.0,8,24,0
Esmeralda,271,1191,873.0,1980.0,42.0,42.0,164,25,0
1,1144,1191,369.0,873.0,41.0,42.0,9,24,0
1,1513,1191,368.0,369.0,41.0,42.0,9,24,0
1,1881,1191,368.0,368.0,41.0,42.0,9,23,0
1,2249,1191,1979.0,368.0,41.0,42.0,10,23,0
Eureka,271,1232,874.0,1979.0,41.0,41.0,109,25,0
1,1145,1232,365.0,874.0,42.0,41.0,9,23,0
0,1510,1232,368.0,365.0,42.0,41.0,17,24,0
0,1878,1232,369.0,368.0,42.0,41.0,17,24,0
0,2247,1232,1977.0,369.0,42.0,41.0,17,24,0
Humboldt,271,1274,873.0,1977.0,42.0,42.0,154,25,0
1,1144,1274,367.0,873.0,42.0,42.0,10,23,0
2,1511,1274,368.0,367.0,42.0,42.0,15,24,0
2,1879,1274,369.0,368.0,42.0,42.0,15,24,0
2,2248,1274,1978.0,369.0,42.0,42.0,15,24,0
Lander,271,1316,874.0,1978.0,42.0,42.0,108,24,0
1,1145,1316,368.0,874.0,41.0,42.0,9,23,0
1,1513,1316,369.0,368.0,41.0,42.0,9,23,0
1,1882,1316,368.0,369.0,41.0,42.0,8,24,0
1,2250,1316,1980.0,368.0,41.0,42.0,9,23,0
Lincoln,271,1357,871.0,1980.0,41.0,41.0,111,25,0
0,1142,1357,371.0,871.0,42.0,41.0,17,24,0
1,1513,1357,368.0,371.0,42.0,41.0,9,24,0
1,1881,1357,369.0,368.0,42.0,41.0,9,23,0
1,2250,1357,1980.0,369.0,42.0,41.0,9,23,0
Lyon,271,1399,872.0,1980.0,42.0,42.0,73,29,0
2,1143,1399,367.0,872.0,42.0,42.0,15,24,0
6,1510,1399,368.0,367.0,42.0,42.0,17,23,0
6,1878,1399,369.0,368.0,42.0,42.0,17,24,0
6,2247,1399,1976.0,369.0,42.0,42.0,16,23,0
Mineral,272,1440,870.0,1976.0,42.0,42.0,114,25,0
0,1142,1440,368.0,870.0,42.0,42.0,17,24,0
0,1510,1440,368.0,368.0,42.0,42.0,18,24,0
0,1878,1440,369.0,368.0,42.0,42.0,18,24,0
0,2247,1440,1976.0,369.0,42.0,42.0,17,24,0
Nye,272,1482,871.0,1976.0,42.0,42.0,60,30,0
2,1143,1482,369.0,871.0,42.0,42.0,15,24,0
2,1512,1482,367.0,369.0,42.0,42.0,15,23,0
2,1879,1482,369.0,367.0,42.0,42.0,16,24,0
2,2248,1482,1978.0,369.0,42.0,42.0,15,24,0
Pershing,271,1523,871.0,1978.0,42.0,42.0,136,30,0
0,1142,1523,371.0,871.0,43.0,42.0,17,24,0
1,1513,1523,368.0,371.0,43.0,42.0,9,24,0
1,1881,1523,369.0,368.0,43.0,42.0,10,24,0
1,2250,1523,1981.0,369.0,43.0,42.0,9,23,0
Storey,270,1565,872.0,1981.0,43.0,43.0,104,29,0
0,1142,1565,368.0,872.0,43.0,43.0,17,24,0
0,1510,1565,368.0,368.0,43.0,43.0,18,24,0
0,1878,1565,369.0,368.0,43.0,43.0,18,24,0
0,2247,1565,1979.0,369.0,43.0,43.0,17,23,0
Washoe,269,1607,876.0,1979.0,43.0,43.0,124,25,0
1,1145,1607,367.0,876.0,42.0,43.0,9,24,0
5,1512,1607,367.0,367.0,42.0,43.0,15,23,0
5,1879,1607,369.0,367.0,42.0,43.0,17,23,0
5,2248,1607,1981.0,369.0,42.0,43.0,16,22,0
White,268,1648,103.0,1981.0,42.0,42.0,89,25,0
Pine,371,1648,770.0,103.0,76.0,42.0,67,25,0
0,1141,1648,370.0,770.0,76.0,42.0,17,24,0
2,1511,1648,368.0,370.0,76.0,42.0,15,24,0
2,1879,1648,368.0,368.0,76.0,42.0,15,24,0
2,2247,1648,1980.0,368.0,76.0,42.0,15,23,0
State,269,1723,93.0,1980.0,76.0,76.0,81,25,0
Total2,362,1723,760.0,93.0,815.0,76.0,90,24,0
28,1122,1723,367.0,760.0,815.0,76.0,36,24,0
45,1489,1723,368.0,367.0,815.0,76.0,37,24,0
45,1857,1723,369.0,368.0,815.0,76.0,38,24,0
45,2226,1723,1164.0,369.0,815.0,76.0,37,24,0
Average,1071,1865,800.0,1164.0,815.0,815.0,131,29,0
Hydrographic,273,1906,228.0,800.0,800.0,800.0,213,30,0
Region,501,1906,553.0,228.0,76.0,800.0,110,29,0
1966-1970,1054,1906,418.0,553.0,76.0,800.0,167,24,0
1980,1472,1906,366.0,418.0,76.0,800.0,75,24,0
2000,1838,1906,369.0,366.0,76.0,800.0,78,24,0
2020,2207,1906,1938.0,369.0,76.0,800.0,77,24,0
Northwest,271,1981,175.0,1938.0,76.0,76.0,161,25,0
Region,446,1981,696.0,175.0,41.0,76.0,109,30,0
0,1142,1981,370.0,696.0,41.0,76.0,17,24,0
1,1512,1981,369.0,370.0,41.0,76.0,9,23,0
1,1881,1981,367.0,369.0,41.0,76.0,9,23,0
1,2248,1981,1977.0,367.0,41.0,76.0,8,23,0
Black,272,2021,98.0,1977.0,41.0,41.0,84,25,0
Rock,370,2021,93.0,98.0,42.0,41.0,79,25,0
Desert,463,2021,116.0,93.0,42.0,41.0,102,25,0
Region,579,2021,566.0,116.0,42.0,41.0,108,30,0
1,1145,2021,365.0,566.0,42.0,41.0,9,23,0
2,1510,2021,369.0,365.0,42.0,41.0,15,24,0
2,1879,2021,367.0,369.0,42.0,41.0,16,24,0
2,2246,2021,1977.0,367.0,42.0,41.0,15,24,0
Snake,270,2062,111.0,1977.0,42.0,42.0,97,25,0
River,381,2062,97.0,111.0,43.0,42.0,83,24,0
Basin,478,2062,664.0,97.0,43.0,42.0,83,24,0
0,1142,2062,367.0,664.0,43.0,42.0,17,24,0
0,1509,2062,369.0,367.0,43.0,42.0,17,24,0
0,1878,2062,367.0,369.0,43.0,42.0,18,24,1
0,2245,2062,1975.0,367.0,43.0,42.0,17,24,0
Humboldt,271,2104,167.0,1975.0,43.0,43.0,153,25,0
River,438,2104,96.0,167.0,43.0,43.0,82,25,0
Basin,534,2104,609.0,96.0,43.0,43.0,83,25,0
2,1143,2104,366.0,609.0,43.0,43.0,15,24,0
3,1509,2104,369.0,366.0,43.0,43.0,17,24,0
3,1878,2104,367.0,369.0,43.0,43.0,17,24,0
3,2245,2104,1979.0,367.0,43.0,43.0,16,24,0
West,267,2146,90.0,1979.0,43.0,43.0,78,26,0
Central,357,2146,127.0,90.0,43.0,43.0,111,25,0
Region,484,2146,658.0,127.0,43.0,43.0,109,29,0
0,1142,2146,367.0,658.0,43.0,43.0,18,24,0
0,1509,2146,370.0,367.0,43.0,43.0,17,25,0
0,1879,2146,366.0,370.0,43.0,43.0,17,24,0
0,2245,2146,1978.0,366.0,43.0,43.0,17,23,0
Truckee,268,2188,142.0,1978.0,43.0,43.0,127,25,0
River,410,2188,96.0,142.0,43.0,43.0,82,25,0
Basin,506,2188,639.0,96.0,43.0,43.0,84,25,0
1,1145,2188,363.0,639.0,43.0,43.0,9,23,0
4,1508,2188,372.0,363.0,43.0,43.0,18,23,0
4,1880,2188,366.0,372.0,43.0,43.0,17,24,0
4,2246,2188,1978.0,366.0,43.0,43.0,17,23,0
Western,269,2230,144.0,1978.0,43.0,43.0,128,25,0
Region,413,2230,729.0,144.0,42.0,43.0,109,29,0
0,1142,2230,368.0,729.0,42.0,43.0,17,24,0
0,1510,2230,368.0,368.0,42.0,43.0,17,24,0
0,1878,2230,369.0,368.0,42.0,43.0,18,24,1
0,2247,2230,1978.0,369.0,42.0,43.0,17,24,0
Carson,270,2271,123.0,1978.0,42.0,42.0,107,24,0
River,393,2271,96.0,123.0,43.0,42.0,82,25,0
Basin,489,2271,653.0,96.0,43.0,42.0,83,25,0
6,1142,2271,368.0,653.0,43.0,42.0,17,24,0
9,1510,2271,368.0,368.0,43.0,42.0,17,24,0
9,1878,2271,369.0,368.0,43.0,42.0,18,24,0
9,2247,2271,1979.0,369.0,43.0,42.0,17,24,0
Walker,269,2313,122.0,1979.0,43.0,43.0,108,25,0
River,391,2313,96.0,122.0,43.0,43.0,82,25,0
Basin,487,2313,656.0,96.0,43.0,43.0,83,25,0
2,1143,2313,368.0,656.0,43.0,43.0,15,24,0
5,1511,2313,368.0,368.0,43.0,43.0,16,23,0
5,1879,2313,369.0,368.0,43.0,43.0,16,24,0
5,2248,2313,1979.0,369.0,43.0,43.0,16,23,0
Central,270,2355,127.0,1979.0,43.0,43.0,111,25,0
Region,397,2355,745.0,127.0,41.0,43.0,109,29,0
4,1142,2355,369.0,745.0,41.0,43.0,16,23,0
5,1511,2355,368.0,369.0,41.0,43.0,16,24,0
5,1879,2355,369.0,368.0,41.0,43.0,16,24,0
5,2248,2355,1979.0,369.0,41.0,43.0,16,23,0
Great,270,2396,99.0,1979.0,41.0,41.0,87,25,0
Salt,369,2396,73.0,99.0,43.0,41.0,60,25,0
Lake,442,2396,88.0,73.0,43.0,41.0,73,25,0
Basin,530,2396,612.0,88.0,43.0,41.0,83,25,0
0,1142,2396,368.0,612.0,43.0,41.0,17,23,0
0,1510,2396,368.0,368.0,43.0,41.0,18,24,0
0,1878,2396,369.0,368.0,43.0,41.0,18,24,0
0,2247,2396,1976.0,369.0,43.0,41.0,17,24,0
Escalante,272,2438,166.0,1976.0,43.0,43.0,151,24,0
Desert,438,2438,116.0,166.0,43.0,43.0,101,25,0
Basin,554,2438,588.0,116.0,43.0,43.0,83,25,0
0,1142,2438,369.0,588.0,43.0,43.0,17,23,0
0,1511,2438,367.0,369.0,43.0,43.0,17,24,0
0,1878,2438,369.0,367.0,43.0,43.0,18,24,0
0,2247,2438,1978.0,369.0,43.0,43.0,18,24,0
Colorado,270,2480,156.0,1978.0,43.0,43.0,142,24,0
River,426,2480,96.0,156.0,42.0,43.0,83,25,0
Basin,522,2480,602.0,96.0,42.0,43.0,84,25,0
12,1124,2480,369.0,602.0,42.0,43.0,34,24,0
14,1493,2480,368.0,369.0,42.0,43.0,34,23,0
14,1861,2480,369.0,368.0,42.0,43.0,35,24,0
14,2230,2480,1959.0,369.0,42.0,43.0,34,24,0
Death,272,2521,102.0,1959.0,42.0,42.0,89,25,0
Valley,374,2521,109.0,102.0,75.0,42.0,96,29,0
Basin,483,2521,659.0,109.0,75.0,42.0,84,24,0
0,1142,2521,368.0,659.0,75.0,42.0,17,24,0
0,1510,2521,369.0,368.0,75.0,42.0,18,24,0
0,1879,2521,368.0,369.0,75.0,42.0,17,24,0
0,2247,2521,1978.0,368.0,75.0,42.0,17,24,0
State,271,2595,92.0,1978.0,75.0,75.0,80,25,0
Total2,363,2595,759.0,92.0,129.0,75.0,90,25,0
28,1122,2595,368.0,759.0,129.0,75.0,37,25,0
43,1490,2595,368.0,368.0,129.0,75.0,37,24,0
43,1858,2595,369.0,368.0,129.0,75.0,38,24,0
43,2227,2595,2049.0,369.0,129.0,75.0,37,23,0
Assumed,181,2687,157.0,2049.0,129.0,129.0,144,25,0
efficiency,338,2687,167.0,157.0,59.0,129.0,154,29,0
rate,505,2687,70.0,167.0,59.0,129.0,58,24,0
of,575,2687,42.0,70.0,59.0,129.0,29,25,0
50,617,2687,49.0,42.0,59.0,129.0,36,24,0
percent.,666,2687,488.0,49.0,59.0,129.0,128,28,0
County,182,2745,123.0,488.0,59.0,59.0,112,29,0
and,305,2745,70.0,123.0,425.0,59.0,55,25,0
Hydrographic,375,2745,229.0,70.0,425.0,59.0,214,29,0
Basin,604,2745,97.0,229.0,425.0,59.0,83,25,0
State,701,2745,93.0,97.0,425.0,59.0,81,26,0
Totals,794,2745,106.0,93.0,425.0,59.0,93,25,0
may,900,2745,76.0,106.0,425.0,59.0,64,23,0
be,976,2745,48.0,76.0,425.0,59.0,36,25,0
slightly,1024,2745,124.0,48.0,425.0,59.0,113,30,0
different,1148,2745,146.0,124.0,425.0,59.0,134,26,0
due,1294,2745,69.0,146.0,425.0,59.0,57,25,0
to,1363,2745,42.0,69.0,425.0,59.0,29,23,0
rounding,1405,2745,152.0,42.0,425.0,59.0,139,30,0
errors.,1557,2745,1448.0,152.0,425.0,59.0,101,19,0
139,173,3169,0,1448.0,425.0,425.0,61,29,0
