word,x,y,x+1 dist,x-1 dist,y+1 dist,y-1 dist,width,height,table
F,448,302,59.0,0,55.0,0,20,29,0
GRAPH,507,302,638.0,59.0,55.0,0,146,30,0
SUMMARY,1145,302,241.0,638.0,55.0,0,205,32,0
REPORT,1386,302,736.0,241.0,55.0,0,177,31,0
Table,2122,302,183.0,736.0,55.0,0,143,32,0
21,2305,302,1857.0,183.0,55.0,0,47,31,0
VersNo=,449,356,247.0,1857.0,55.0,55.0,202,32,0
1.0,696,356,1426.0,247.0,517.0,55.0,79,31,0
Page,2122,356,185.0,1426.0,517.0,55.0,116,39,0
9,2307,356,1345.0,185.0,517.0,55.0,20,30,0
NEVADA,963,404,212.0,1345.0,517.0,517.0,177,33,0
TEST,1175,404,152.0,212.0,61.0,517.0,113,33,0
SITE,1327,404,152.0,152.0,61.0,517.0,114,32,0
PMF,1479,404,122.0,152.0,61.0,517.0,83,31,0
STUDY,1601,404,609.0,122.0,61.0,517.0,146,32,0
EMPLACEMENT,995,455,364.0,609.0,61.0,61.0,328,33,0
EXHAUST,1359,455,244.0,364.0,279.0,61.0,207,31,0
SHAFT,1603,455,884.0,244.0,279.0,61.0,147,31,0
THUNDERSTORM,721,506,395.0,884.0,279.0,279.0,361,32,0
PMF,1116,506,121.0,395.0,252.0,279.0,82,31,0
AT,1237,506,90.0,121.0,252.0,279.0,52,32,0
ONE,1327,506,122.0,90.0,252.0,279.0,85,32,0
MIN.,1449,506,152.0,122.0,252.0,279.0,110,31,0
UNIT,1601,506,153.0,152.0,252.0,279.0,115,32,0
DURATION,1754,506,789.0,153.0,252.0,279.0,239,32,0
KL8,967,557,153.0,789.0,252.0,252.0,83,31,0
02-21-1986,1120,557,364.0,153.0,533.0,252.0,292,32,0
09:10:45,1484,557,1031.0,364.0,533.0,252.0,233,33,0
TIME,474,759,307.0,1031.0,533.0,533.0,116,33,0
RAIN,781,759,307.0,307.0,50.0,533.0,116,32,0
LOSS,1088,759,271.0,307.0,50.0,533.0,112,32,0
EXCESS,1359,759,335.0,271.0,50.0,533.0,176,33,0
UNITGRAPH,1694,759,367.0,335.0,50.0,533.0,270,33,0
HYDROGRAPH,2061,759,1584.0,367.0,50.0,533.0,298,33,0
hrs,478,808,342.0,1584.0,50.0,50.0,82,32,0
in,820,808,304.0,342.0,522.0,50.0,48,33,0
in,1124,808,303.0,304.0,522.0,50.0,49,33,0
in,1427,808,363.0,303.0,522.0,50.0,50,33,0
cfs,1790,808,395.0,363.0,522.0,50.0,81,34,0
cfs,2185,808,1191.0,395.0,522.0,50.0,81,33,0
=,996,870,526.0,1191.0,522.0,522.0,19,15,0
4.80,479,962,274.0,526.0,526.0,526.0,111,31,0
0.014,753,962,304.0,274.0,51.0,526.0,142,32,0
0.001,1057,962,305.0,304.0,51.0,526.0,143,32,0
0.013,1362,962,886.0,305.0,51.0,526.0,142,32,0
39,2248,962,1772.0,886.0,51.0,526.0,49,31,0
4.82,477,1012,274.0,1772.0,51.0,51.0,110,32,0
0.014,751,1012,306.0,274.0,52.0,51.0,143,32,0
0.001,1057,1012,303.0,306.0,52.0,51.0,137,31,0
0.013,1360,1012,885.0,303.0,52.0,51.0,142,32,0
37,2245,1012,1767.0,885.0,52.0,51.0,50,32,0
4.83,479,1063,275.0,1767.0,52.0,52.0,112,32,0
0.013,754,1063,304.0,275.0,51.0,52.0,142,31,0
0.001,1058,1063,304.0,304.0,51.0,52.0,142,31,0
0.012,1362,1063,886.0,304.0,51.0,52.0,142,31,0
36,2248,1063,1771.0,886.0,51.0,52.0,50,31,0
4.85,478,1113,273.0,1771.0,51.0,51.0,111,32,0
0.013,751,1113,306.0,273.0,51.0,51.0,143,32,0
0.001,1057,1113,304.0,306.0,51.0,51.0,138,32,0
0.012,1361,1113,884.0,304.0,51.0,51.0,141,33,0
35,2245,1113,1766.0,884.0,51.0,51.0,51,32,0
4.87,480,1163,273.0,1766.0,51.0,51.0,112,32,0
0.013,753,1163,305.0,273.0,52.0,51.0,143,32,1
0.001,1058,1163,303.0,305.0,52.0,51.0,142,32,0
0.012,1361,1163,887.0,303.0,52.0,51.0,143,32,0
34,2248,1163,1771.0,887.0,52.0,51.0,51,31,0
4.88,478,1214,273.0,1771.0,52.0,52.0,112,32,0
0.012,751,1214,306.0,273.0,52.0,52.0,140,32,0
0.001,1057,1214,303.0,306.0,52.0,52.0,137,32,0
0.011,1360,1214,885.0,303.0,52.0,52.0,139,32,0
32,2245,1214,1765.0,885.0,52.0,52.0,49,32,0
4.90,481,1265,273.0,1765.0,52.0,52.0,111,32,0
0.012,754,1265,304.0,273.0,52.0,52.0,142,32,1
0.001,1058,1265,304.0,304.0,52.0,52.0,142,31,0
0.011,1362,1265,887.0,304.0,52.0,52.0,142,32,0
31,2249,1265,1772.0,887.0,52.0,52.0,49,32,0
4.92,478,1316,274.0,1772.0,52.0,52.0,111,31,0
0.012,752,1316,305.0,274.0,51.0,52.0,141,32,0
0.001,1057,1316,303.0,305.0,51.0,52.0,138,31,1
0.011,1360,1316,885.0,303.0,51.0,52.0,140,33,0
30,2245,1316,1765.0,885.0,51.0,52.0,52,32,0
4.93,481,1366,273.0,1765.0,51.0,51.0,111,32,1
0.012,754,1366,304.0,273.0,52.0,51.0,142,31,0
0.001,1058,1366,304.0,304.0,52.0,51.0,143,31,0
0.011,1362,1366,886.0,304.0,52.0,51.0,142,32,0
29,2248,1366,1769.0,886.0,52.0,51.0,51,32,0
4.95,480,1417,273.0,1769.0,52.0,52.0,111,31,0
0.012,753,1417,304.0,273.0,51.0,52.0,140,32,0
0.001,1057,1417,304.0,304.0,51.0,52.0,138,32,0
0.011,1361,1417,885.0,304.0,51.0,52.0,139,32,0
29,2246,1417,1765.0,885.0,51.0,52.0,51,32,0
4.97,482,1467,273.0,1765.0,51.0,51.0,111,32,0
0.011,755,1467,304.0,273.0,51.0,51.0,142,31,0
0.001,1059,1467,305.0,304.0,51.0,51.0,142,31,0
0.010,1364,1467,886.0,305.0,51.0,51.0,142,32,0
28,2250,1467,1769.0,886.0,51.0,51.0,48,31,0
4.98,482,1518,273.0,1769.0,51.0,51.0,110,31,0
0.011,755,1518,303.0,273.0,51.0,51.0,137,32,1
0.001,1058,1518,304.0,303.0,51.0,51.0,138,31,0
0.010,1362,1518,885.0,304.0,51.0,51.0,143,32,1
27,2247,1518,1765.0,885.0,51.0,51.0,49,32,0
5.00,483,1568,272.0,1765.0,51.0,51.0,112,32,0
0.011,755,1568,305.0,272.0,52.0,51.0,142,32,0
0.001,1060,1568,303.0,305.0,52.0,51.0,141,31,0
0.010,1363,1568,886.0,303.0,52.0,51.0,144,32,0
27,2249,1568,1770.0,886.0,52.0,51.0,50,31,0
5.02,480,1619,274.0,1770.0,52.0,52.0,110,32,1
0.011,754,1619,304.0,274.0,52.0,52.0,138,32,0
0.001,1058,1619,304.0,304.0,52.0,52.0,138,32,0
0.010,1362,1619,884.0,304.0,52.0,52.0,143,32,0
26,2246,1619,1762.0,884.0,52.0,52.0,52,32,0
5.03,485,1670,270.0,1762.0,52.0,52.0,110,32,0
0.011,755,1670,306.0,270.0,52.0,52.0,143,32,1
0.001,1061,1670,303.0,306.0,52.0,52.0,141,31,0
0.010,1364,1670,886.0,303.0,52.0,52.0,143,33,0
26,2250,1670,1769.0,886.0,52.0,52.0,50,31,0
5.05,482,1721,273.0,1769.0,52.0,52.0,110,32,0
0.011,755,1721,304.0,273.0,52.0,52.0,137,32,0
0.001,1059,1721,304.0,304.0,52.0,52.0,137,32,0
0.010,1363,1721,884.0,304.0,52.0,52.0,141,33,0
25,2247,1721,1764.0,884.0,52.0,52.0,49,31,0
5.07,484,1772,271.0,1764.0,52.0,52.0,109,32,0
0.011,755,1772,306.0,271.0,52.0,52.0,142,32,0
0.001,1061,1772,303.0,306.0,52.0,52.0,140,32,0
0.010,1364,1772,886.0,303.0,52.0,52.0,142,33,0
25,2250,1772,1770.0,886.0,52.0,52.0,49,32,0
5.08,481,1823,273.0,1770.0,52.0,52.0,112,32,0
0.011,754,1823,304.0,273.0,52.0,52.0,139,32,0
0.001,1058,1823,304.0,304.0,52.0,52.0,139,31,0
0.010,1362,1823,884.0,304.0,52.0,52.0,143,32,0
25,2246,1823,1763.0,884.0,52.0,52.0,51,31,0
5.10,484,1874,271.0,1763.0,52.0,52.0,110,32,0
0.011,755,1874,228.0,271.0,51.0,52.0,143,33,0
-,983,1874,77.0,228.0,51.0,52.0,24,6,0
U:D01,1060,1874,304.0,77.0,51.0,52.0,142,32,0
0.010,1364,1874,886.0,304.0,51.0,52.0,144,33,0
24,2250,1874,1769.0,886.0,51.0,52.0,50,32,0
5.12,482,1924,273.0,1769.0,51.0,51.0,109,32,0
0.011,755,1924,304.0,273.0,51.0,51.0,138,32,0
0.001,1059,1924,305.0,304.0,51.0,51.0,139,32,0
0.010,1364,1924,883.0,305.0,51.0,51.0,143,33,0
24,2247,1924,1764.0,883.0,51.0,51.0,50,32,1
5.13,484,1974,272.0,1764.0,51.0,51.0,109,32,0
0.011,756,1974,304.0,272.0,51.0,51.0,142,32,0
0.001,1060,1974,304.0,304.0,51.0,51.0,142,32,0
0.010,1364,1974,887.0,304.0,51.0,51.0,143,32,0
24,2251,1974,1770.0,887.0,51.0,51.0,48,32,0
5.15,482,2024,273.0,1770.0,51.0,51.0,110,32,0
0.011,755,2024,304.0,273.0,51.0,51.0,138,32,0
0.001,1059,2024,305.0,304.0,51.0,51.0,139,31,0
0.010,1364,2024,884.0,305.0,51.0,51.0,142,33,0
24,2248,2024,1766.0,884.0,51.0,51.0,50,32,0
5.17,483,2074,273.0,1766.0,51.0,51.0,111,32,0
0.010,756,2074,305.0,273.0,52.0,51.0,143,32,0
0.001,1061,2074,304.0,305.0,52.0,51.0,142,32,0
0.009,1365,2074,886.0,304.0,52.0,51.0,143,33,0
24,2251,2074,1771.0,886.0,52.0,51.0,49,32,0
5.18,481,2125,274.0,1771.0,52.0,52.0,112,33,0
0.010,755,2125,304.0,274.0,52.0,52.0,143,32,0
0.001,1059,2125,305.0,304.0,52.0,52.0,140,32,0
0.009,1364,2125,884.0,305.0,52.0,52.0,143,33,0
24,2248,2125,1766.0,884.0,52.0,52.0,51,31,0
5.20,483,2176,272.0,1766.0,52.0,52.0,111,32,1
0.010,755,2176,306.0,272.0,51.0,52.0,144,32,0
0.001,1061,2176,304.0,306.0,51.0,52.0,142,32,0
0.009,1365,2176,886.0,304.0,51.0,52.0,143,32,0
23,2251,2176,1770.0,886.0,51.0,52.0,49,32,0
5.22,482,2226,274.0,1770.0,51.0,51.0,109,33,0
0.010,756,2226,305.0,274.0,51.0,51.0,142,32,0
0.001,1061,2226,303.0,305.0,51.0,51.0,137,32,0
0.009,1364,2226,885.0,303.0,51.0,51.0,143,32,0
23,2249,2226,1767.0,885.0,51.0,51.0,50,32,0
5.23,483,2276,274.0,1767.0,51.0,51.0,112,32,1
0.010,757,2276,305.0,274.0,52.0,51.0,142,32,1
0.001,1062,2276,304.0,305.0,52.0,51.0,141,32,0
0.009,1366,2276,886.0,304.0,52.0,51.0,142,33,0
23,2252,2276,1772.0,886.0,52.0,51.0,49,32,0
5.25,481,2327,274.0,1772.0,52.0,52.0,111,33,0
0.010,755,2327,305.0,274.0,51.0,52.0,143,32,1
0.001,1060,2327,303.0,305.0,51.0,52.0,139,34,1
0.009,1363,2327,885.0,303.0,51.0,52.0,144,32,0
22,2248,2327,1767.0,885.0,51.0,52.0,49,32,1
5.27,482,2377,274.0,1767.0,51.0,51.0,112,33,0
0.010,756,2377,305.0,274.0,52.0,51.0,143,31,0
0.001,1061,2377,304.0,305.0,52.0,51.0,142,32,0
0.009,1365,2377,887.0,304.0,52.0,51.0,143,33,0
22,2252,2377,1771.0,887.0,52.0,51.0,49,32,0
5.28,482,2429,274.0,1771.0,52.0,52.0,112,32,0
0.009,756,2429,305.0,274.0,51.0,52.0,144,32,0
0.001,1061,2429,304.0,305.0,51.0,52.0,139,32,0
0.008,1365,2429,885.0,304.0,51.0,52.0,143,32,0
22,2250,2429,1768.0,885.0,51.0,52.0,48,31,0
5.30,483,2479,274.0,1768.0,51.0,51.0,112,32,0
0.009,757,2479,305.0,274.0,52.0,51.0,142,31,0
0.001,1062,2479,304.0,305.0,52.0,51.0,141,32,0
0.008,1366,2479,887.0,304.0,52.0,51.0,142,33,1
22,2253,2479,1772.0,887.0,52.0,51.0,48,31,0
5.32,482,2530,274.0,1772.0,52.0,52.0,109,32,0
0.009,756,2530,305.0,274.0,52.0,52.0,142,31,0
0.001,1061,2530,304.0,305.0,52.0,52.0,138,31,1
0.008,1365,2530,885.0,304.0,52.0,52.0,143,32,1
21,2250,2530,1768.0,885.0,52.0,52.0,46,31,0
5.33,483,2581,274.0,1768.0,52.0,52.0,112,32,0
0.009,757,2581,304.0,274.0,50.0,52.0,143,32,0
0.001,1061,2581,304.0,304.0,50.0,52.0,142,32,1
0.008,1365,2581,887.0,304.0,50.0,52.0,143,32,0
21,2252,2581,1771.0,887.0,50.0,52.0,48,31,0
5.35,482,2630,274.0,1771.0,50.0,50.0,111,32,0
0.009,756,2630,305.0,274.0,53.0,50.0,143,32,0
0.001,1061,2630,304.0,305.0,53.0,50.0,139,32,0
0.008,1365,2630,885.0,304.0,53.0,50.0,142,33,0
20,2250,2630,1768.0,885.0,53.0,50.0,51,32,0
5.37,483,2682,274.0,1768.0,53.0,53.0,112,32,0
0.008,757,2682,305.0,274.0,51.0,53.0,143,32,0
0.001,1062,2682,304.0,305.0,51.0,53.0,142,31,0
0.007,1366,2682,887.0,304.0,51.0,53.0,143,32,0
20,2253,2682,1772.0,887.0,51.0,53.0,49,31,0
5.38,482,2732,274.0,1772.0,51.0,51.0,111,32,0
0.008,756,2732,305.0,274.0,51.0,51.0,142,31,0
0.001,1061,2732,304.0,305.0,51.0,51.0,138,31,0
0.007,1365,2732,884.0,304.0,51.0,51.0,140,33,1
20,2249,2732,1767.0,884.0,51.0,51.0,51,31,1
5.40,483,2782,274.0,1767.0,51.0,51.0,111,32,0
0.008,757,2782,305.0,274.0,51.0,51.0,142,31,0
0.001,1062,2782,304.0,305.0,51.0,51.0,141,31,0
0.007,1366,2782,887.0,304.0,51.0,51.0,142,32,0
19,2253,2782,1771.0,887.0,51.0,51.0,48,31,0
5.42,483,2833,273.0,1771.0,51.0,51.0,108,31,0
0.008,756,2833,305.0,273.0,51.0,51.0,142,31,0
0.001,1061,2833,304.0,305.0,51.0,51.0,138,31,0
0.007,1365,2833,883.0,304.0,51.0,51.0,141,32,0
19,2248,2833,1766.0,883.0,51.0,51.0,52,31,0
5.43,483,2884,273.0,1766.0,51.0,51.0,111,32,0
0.008,756,2884,306.0,273.0,51.0,51.0,143,31,0
0.001,1062,2884,303.0,306.0,51.0,51.0,141,31,0
0.007,1365,2884,888.0,303.0,51.0,51.0,143,33,0
18,2253,2884,1771.0,888.0,51.0,51.0,48,32,0
5.45,483,2935,273.0,1771.0,51.0,51.0,110,31,0
0.007,756,2935,305.0,273.0,279.0,51.0,141,32,0
0.001,1061,2935,304.0,305.0,279.0,51.0,138,31,0
0.006,1365,2935,884.0,304.0,279.0,51.0,143,31,0
18,2249,2935,1493.0,884.0,279.0,51.0,51,31,0
0.007,757,2984,305.0,1493.0,279.0,279.0,142,32,0
0.001,1062,2984,304.0,305.0,273.0,279.0,141,31,0
0.006,1366,2984,887.0,304.0,273.0,279.0,142,31,0
17,2253,2984,1769.0,887.0,273.0,279.0,48,31,1
5.47,485,2987,0,1769.0,273.0,273.0,108,31,0
