word,x,y,x+1 dist,x-1 dist,y+1 dist,y-1 dist,width,height,table
Table,521,286,150.0,0,725.0,0,121,30,0
5-53.,671,286,175.0,150.0,725.0,0,115,32,0
Projected,846,286,251.0,175.0,725.0,0,220,39,0
annual,1097,286,175.0,251.0,725.0,0,144,30,0
average,1272,286,198.0,175.0,725.0,0,169,30,0
daily,1470,286,152.0,198.0,725.0,0,123,39,0
traffic,1622,286,199.0,152.0,725.0,0,169,31,0
on,1821,286,73.0,199.0,725.0,0,45,22,0
U.S.,1894,286,125.0,73.0,725.0,0,91,29,0
Highway,2019,286,201.0,125.0,725.0,0,173,40,0
95,2220,286,76.0,201.0,725.0,0,43,32,0
in,2296,286,73.0,76.0,725.0,0,44,30,0
Las,2369,286,98.0,73.0,725.0,0,70,29,0
"Vegas,",2467,286,181.0,98.0,725.0,0,142,37,0
1998,2648,286,1443.0,181.0,725.0,0,90,32,0
Without,1219,481,202.0,1443.0,725.0,725.0,171,31,0
repository,1421,481,277.0,202.0,114.0,725.0,246,37,0
(baseline),1698,481,619.0,277.0,114.0,725.0,239,39,0
With,2317,481,127.0,619.0,114.0,725.0,97,30,0
repository,2444,481,1326.0,127.0,114.0,725.0,246,37,0
Number,1120,536,176.0,1326.0,114.0,114.0,147,31,0
of,1296,536,99.0,176.0,679.0,114.0,44,30,0
Number,1395,536,175.0,99.0,679.0,114.0,146,30,0
of,1570,536,498.0,175.0,679.0,114.0,45,30,0
Number,2068,536,176.0,498.0,679.0,114.0,147,31,0
of,2244,536,99.0,176.0,679.0,114.0,45,31,0
Number,2343,536,175.0,99.0,679.0,114.0,146,31,0
of,2518,536,2076.0,175.0,679.0,114.0,44,30,0
Highway,443,587,205.0,2076.0,679.0,679.0,176,38,0
segment,648,587,524.0,205.0,192.0,679.0,169,34,0
cars,1172,587,251.0,524.0,192.0,679.0,94,23,0
trucks,1423,587,247.0,251.0,192.0,679.0,142,31,0
Total,1670,587,150.0,247.0,192.0,679.0,119,30,0
vehicles,1820,587,300.0,150.0,192.0,679.0,194,31,0
cars,2120,587,251.0,300.0,192.0,679.0,94,21,0
trucks,2371,587,246.0,251.0,192.0,679.0,141,31,0
Total,2617,587,151.0,246.0,192.0,679.0,119,31,0
vehicles,2768,587,2452.0,151.0,192.0,679.0,193,31,0
Decatur,321,734,202.0,2452.0,192.0,192.0,172,29,0
to,523,734,72.0,202.0,54.0,192.0,45,26,0
Valley,595,734,175.0,72.0,54.0,192.0,148,38,0
View,770,734,378.0,175.0,54.0,192.0,101,30,0
"71,233",1148,734,300.0,378.0,54.0,192.0,143,40,0
"2,204",1448,734,324.0,300.0,54.0,192.0,117,39,0
"73,437",1772,734,324.0,324.0,54.0,192.0,142,39,0
"72,397",2096,734,300.0,324.0,54.0,192.0,143,39,1
"2,240",2396,734,324.0,300.0,54.0,192.0,117,39,0
"74,637",2720,734,2401.0,324.0,54.0,192.0,142,40,0
Valley,320,787,176.0,2401.0,54.0,54.0,150,38,0
View,496,787,128.0,176.0,50.0,54.0,101,30,0
to,624,787,73.0,128.0,50.0,54.0,45,26,0
Rancho,697,787,451.0,73.0,50.0,54.0,147,31,0
"82,151",1148,787,299.0,451.0,50.0,54.0,140,39,0
"2,541",1447,787,325.0,299.0,50.0,54.0,116,38,0
"84,462",1772,787,324.0,325.0,50.0,54.0,142,38,0
"83,494",2096,787,300.0,324.0,50.0,54.0,143,39,1
"2,583",2396,787,323.0,300.0,50.0,54.0,117,38,0
"86,077",2719,787,2399.0,323.0,50.0,54.0,144,39,0
Rancho,321,836,176.0,2399.0,50.0,50.0,146,30,0
to,497,836,73.0,176.0,51.0,50.0,44,26,0
Highland,570,836,577.0,73.0,51.0,50.0,198,38,0
"96,135",1147,836,300.0,577.0,51.0,50.0,143,40,1
"2,974",1447,836,324.0,300.0,51.0,50.0,118,39,0
"99,109",1771,836,324.0,324.0,51.0,50.0,144,39,0
"97,707",2095,836,300.0,324.0,51.0,50.0,143,39,1
"3,022",2395,836,299.0,300.0,51.0,50.0,116,39,0
"100,729",2694,836,2376.0,299.0,51.0,50.0,168,39,0
Highland,319,886,230.0,2376.0,51.0,51.0,198,38,0
to,549,886,75.0,230.0,53.0,51.0,43,26,0
1-15,624,886,125.0,75.0,53.0,51.0,93,31,0
Interchange,749,886,376.0,125.0,53.0,51.0,268,38,0
"107,847",1125,886,322.0,376.0,53.0,51.0,165,39,0
"3,336",1447,886,302.0,322.0,53.0,51.0,119,38,0
"111,183",1749,886,324.0,302.0,53.0,51.0,165,38,0
"109,610",2073,886,322.0,324.0,53.0,51.0,166,39,0
"3,390",2395,886,301.0,322.0,53.0,51.0,118,39,0
"113,000",2696,886,2374.0,301.0,53.0,51.0,167,38,0
1-15,323,938,125.0,2374.0,53.0,53.0,94,31,0
Interchange,448,938,300.0,125.0,68.0,53.0,269,38,0
to,748,938,379.0,300.0,68.0,53.0,44,25,0
Casino,372,985,175.0,379.0,68.0,68.0,145,29,0
Center,547,985,175.0,175.0,71.0,68.0,146,29,0
Blvd.,722,985,401.0,175.0,71.0,68.0,115,30,1
"78,189",1123,985,327.0,401.0,71.0,68.0,143,38,0
"1,596",1450,985,322.0,327.0,71.0,68.0,115,38,0
"79,785",1772,985,325.0,322.0,71.0,68.0,142,38,0
"79,467",2097,985,300.0,325.0,71.0,68.0,141,39,0
"1,622",2397,985,321.0,300.0,71.0,68.0,115,38,0
"81,089",2718,985,2397.0,321.0,71.0,68.0,144,37,0
Casino,322,1035,176.0,2397.0,71.0,71.0,145,30,1
Center,498,1035,175.0,176.0,70.0,71.0,145,29,0
Blvd.,673,1035,151.0,175.0,70.0,71.0,114,31,0
to,824,1035,457.0,151.0,70.0,71.0,44,26,0
Down,370,1085,126.0,457.0,70.0,70.0,98,28,0
Town,496,1085,126.0,126.0,71.0,70.0,96,29,0
Exp.,622,1085,526.0,126.0,71.0,70.0,92,36,1
"36,285",1148,1085,350.0,526.0,71.0,70.0,144,39,0
741,1498,1085,273.0,350.0,71.0,70.0,65,31,0
"37,026",1771,1085,324.0,273.0,71.0,70.0,145,38,0
"36,878",2095,1085,351.0,324.0,71.0,70.0,144,38,0
753,2446,1085,272.0,351.0,71.0,70.0,66,32,0
"37,631",2718,1085,2397.0,272.0,71.0,70.0,142,38,0
Down,322,1137,124.0,2397.0,71.0,71.0,95,29,0
Town,446,1137,125.0,124.0,69.0,71.0,96,28,0
Exp.,571,1137,128.0,125.0,69.0,71.0,92,37,0
to,699,1137,332.0,128.0,69.0,71.0,45,27,0
Las,371,1185,100.0,332.0,69.0,69.0,72,29,0
Vegas,471,1185,152.0,100.0,167.0,69.0,121,37,0
Blvd.,623,1185,525.0,152.0,167.0,69.0,116,31,0
"37,409",1148,1185,350.0,525.0,167.0,69.0,144,40,0
763,1498,1185,273.0,350.0,167.0,69.0,67,32,0
"38,172",1771,1185,324.0,273.0,167.0,69.0,144,39,0
"38,020",2095,1185,351.0,324.0,167.0,69.0,145,39,0
776,2446,1185,273.0,351.0,167.0,69.0,67,31,0
"38,796",2719,1185,2508.0,273.0,167.0,69.0,144,39,0
ul,212,1236,110.0,2508.0,167.0,167.0,31,18,0
Las,322,1236,99.0,110.0,36.0,167.0,70,29,0
Vegas,421,1236,152.0,99.0,36.0,167.0,120,36,0
Blvd.,573,1236,151.0,152.0,36.0,167.0,114,31,0
to,724,1236,74.0,151.0,36.0,167.0,45,27,0
Charleston,798,1236,350.0,74.0,36.0,167.0,244,31,1
"34,960",1148,1236,350.0,350.0,36.0,167.0,144,40,0
714,1498,1236,273.0,350.0,36.0,167.0,67,31,0
"35,674",1771,1236,324.0,273.0,36.0,167.0,144,39,0
"35,531",2095,1236,351.0,324.0,36.0,167.0,141,39,0
726,2446,1236,272.0,351.0,36.0,167.0,67,31,0
"36,257",2718,1236,2499.0,272.0,36.0,167.0,144,39,0
1,220,1271,101.0,2499.0,36.0,36.0,6,20,0
Charleston,321,1271,353.0,101.0,22.0,36.0,246,30,0
Sahara,674,1271,473.0,353.0,22.0,36.0,144,31,0
"66,109",1147,1271,299.0,473.0,22.0,36.0,144,39,0
"2,045",1446,1271,324.0,299.0,22.0,36.0,119,38,0
"68,154",1770,1271,325.0,324.0,22.0,36.0,144,39,0
"67,189",2095,1271,299.0,325.0,22.0,36.0,143,39,0
"2,078",2394,1271,324.0,299.0,22.0,36.0,119,38,0
"69,267",2718,1271,2508.0,324.0,22.0,36.0,143,38,0
1-,211,1291,388.0,2508.0,22.0,22.0,30,14,0
to,599,1291,390.0,388.0,31.0,22.0,43,26,0
"1..,",211,1322,112.0,390.0,31.0,31.0,30,18,0
Sahara,323,1322,247.0,112.0,21.0,31.0,143,31,0
Lamb,570,1322,577.0,247.0,21.0,31.0,98,31,0
"65,791",1147,1322,299.0,577.0,21.0,31.0,142,40,0
"2,035",1446,1322,324.0,299.0,21.0,31.0,119,39,0
"67,826",1770,1322,325.0,324.0,21.0,31.0,144,39,0
"66,866",2095,1322,299.0,325.0,21.0,31.0,143,39,0
"2,068",2394,1322,324.0,299.0,21.0,31.0,119,39,1
"68,934",2718,1322,2509.0,324.0,21.0,31.0,143,39,0
Ui,210,1342,287.0,2509.0,21.0,21.0,32,18,0
to,497,1342,183.0,287.0,119.0,21.0,44,26,0
Lamb,320,1387,129.0,183.0,119.0,119.0,99,31,0
to,449,1387,72.0,129.0,51.0,119.0,43,26,0
Flamingo,521,1387,626.0,72.0,51.0,119.0,198,38,0
"66,521",1147,1387,300.0,626.0,51.0,119.0,142,39,0
"2,058",1447,1387,324.0,300.0,51.0,119.0,119,38,0
"68,579",1771,1387,324.0,324.0,51.0,119.0,144,39,0
"67,609",2095,1387,299.0,324.0,51.0,119.0,143,39,0
"2,091",2394,1387,324.0,299.0,51.0,119.0,115,38,1
"69,700",2718,1387,2397.0,324.0,51.0,119.0,144,38,0
Flamingo,322,1437,226.0,2397.0,51.0,51.0,195,38,0
to,548,1437,73.0,226.0,50.0,51.0,44,26,0
Nellis,621,1437,526.0,73.0,50.0,51.0,145,31,0
"66,521",1147,1437,300.0,526.0,50.0,51.0,142,40,0
"2,058",1447,1437,323.0,300.0,50.0,51.0,118,38,1
"68,579",1770,1437,325.0,323.0,50.0,51.0,144,39,0
"67,609",2095,1437,300.0,325.0,50.0,51.0,143,39,1
"2,091",2395,1437,322.0,300.0,50.0,51.0,114,39,0
"69,700",2717,1437,2397.0,322.0,50.0,51.0,145,39,0
Nellis,321,1486,177.0,2397.0,50.0,50.0,146,30,0
to,498,1486,73.0,177.0,37.0,50.0,45,25,0
Tropicana,571,1486,577.0,73.0,37.0,50.0,222,38,0
"49,422",1148,1486,301.0,577.0,37.0,50.0,143,40,0
"1,529",1449,1486,322.0,301.0,37.0,50.0,116,38,0
"50,951",1771,1486,325.0,322.0,37.0,50.0,140,38,0
"50,230",2096,1486,301.0,325.0,37.0,50.0,144,38,0
"1,554",2397,1486,321.0,301.0,37.0,50.0,115,40,0
"51,784",2718,1486,2398.0,321.0,37.0,50.0,143,39,0
Tropicana,321,1523,252.0,2398.0,37.0,37.0,221,37,0
to,573,1523,73.0,252.0,62.0,37.0,44,26,0
Las,646,1523,100.0,73.0,62.0,37.0,71,28,0
Veggs,746,1523,150.0,100.0,62.0,37.0,120,53,0
NLVa,896,1523,251.0,150.0,62.0,37.0,96,46,0
"51,965",1147,1523,303.0,251.0,62.0,37.0,145,39,0
"1,607",1450,1523,321.0,303.0,62.0,37.0,114,38,1
"53,572",1771,1523,325.0,321.0,62.0,37.0,142,38,1
"52,815",2096,1523,301.0,325.0,62.0,37.0,142,38,0
"1,633",2397,1523,321.0,301.0,62.0,37.0,114,39,0
"54,448",2718,1523,2399.0,321.0,62.0,37.0,144,40,0
Las,320,1584,101.0,2399.0,62.0,62.0,72,28,1
Vegas,421,1584,151.0,101.0,51.0,62.0,121,36,0
NLV,572,1584,100.0,151.0,51.0,62.0,72,29,0
to,672,1584,75.0,100.0,51.0,62.0,47,26,0
NUL,747,1584,124.0,75.0,51.0,62.0,72,29,0
Henderson,871,1584,275.0,124.0,51.0,62.0,221,30,0
"48,692",1146,1584,303.0,275.0,51.0,62.0,145,39,0
"1,506",1449,1584,323.0,303.0,51.0,62.0,117,37,0
"50,198",1772,1584,322.0,323.0,51.0,62.0,143,37,0
"49,488",2094,1584,303.0,322.0,51.0,62.0,145,40,0
"1,530",2397,1584,321.0,303.0,51.0,62.0,116,38,0
"51,018",2718,1584,2398.0,321.0,51.0,62.0,144,38,0
NUL,321,1634,100.0,2398.0,51.0,51.0,73,29,0
Henderson,421,1634,253.0,100.0,38.0,51.0,221,30,0
to,674,1634,74.0,253.0,38.0,51.0,43,26,0
Sunset,748,1634,173.0,74.0,38.0,51.0,143,29,0
Rd.,921,1634,225.0,173.0,38.0,51.0,66,30,1
"48,692",1146,1634,303.0,225.0,38.0,51.0,145,40,1
"1,506",1449,1634,322.0,303.0,38.0,51.0,116,39,0
"50,198",1771,1634,322.0,322.0,38.0,51.0,144,38,0
"49,488",2093,1634,305.0,322.0,38.0,51.0,146,39,0
"1,530",2398,1634,320.0,305.0,38.0,51.0,114,39,0
"51,018",2718,1634,2396.0,320.0,38.0,51.0,143,38,0
Sunset,323,1671,173.0,2396.0,38.0,38.0,144,29,0
Rd.,496,1671,102.0,173.0,63.0,38.0,67,30,0
to,598,1671,77.0,102.0,63.0,38.0,46,26,0
S.R.,675,1671,127.0,77.0,63.0,38.0,87,29,0
146c,802,1671,346.0,127.0,63.0,38.0,91,45,0
"58,232",1148,1671,300.0,346.0,63.0,38.0,144,39,0
"2,426",1448,1671,324.0,300.0,63.0,38.0,118,39,0
"60,658",1772,1671,324.0,324.0,63.0,38.0,143,38,0
"59,183",2096,1671,299.0,324.0,63.0,38.0,142,38,0
"2,466",2395,1671,324.0,299.0,63.0,38.0,118,39,0
"61,649",2719,1671,2397.0,324.0,63.0,38.0,143,39,0
S.R.,323,1734,126.0,2397.0,63.0,63.0,88,29,0
146,449,1734,99.0,126.0,165.0,63.0,66,33,0
to,548,1734,72.0,99.0,165.0,63.0,43,26,0
Henderson,620,1734,527.0,72.0,165.0,63.0,222,31,0
"34,162",1147,1734,300.0,527.0,165.0,63.0,144,40,0
"2,181",1447,1734,323.0,300.0,165.0,63.0,115,39,0
"36,343",1770,1734,324.0,323.0,165.0,63.0,143,39,0
"34,720",2094,1734,301.0,324.0,165.0,63.0,145,39,0
"2,216",2395,1734,322.0,301.0,165.0,63.0,116,39,1
"36,936",2717,1734,2300.0,322.0,165.0,63.0,144,39,0
a,421,1866,24.0,2300.0,165.0,165.0,22,21,0
NLV,445,1866,150.0,24.0,28.0,165.0,73,29,0
North,595,1866,151.0,150.0,28.0,165.0,123,30,0
Las,746,1866,100.0,151.0,28.0,165.0,71,28,0
Vegas.,846,1866,425.0,100.0,28.0,165.0,142,36,0
b,422,1893,125.0,425.0,28.0,28.0,21,30,0
=,547,1893,110.0,125.0,47.0,28.0,22,11,0
NUL,445,1933,102.0,110.0,47.0,47.0,72,29,0
=,547,1933,48.0,102.0,45.0,47.0,22,10,0
Northern,595,1933,225.0,48.0,45.0,47.0,196,31,0
Urban,820,1933,150.0,225.0,45.0,47.0,121,31,0
Limits.,970,1933,550.0,150.0,45.0,47.0,166,30,0
c,422,1971,26.0,550.0,45.0,45.0,21,21,0
S.R.,448,1971,175.0,26.0,151.0,45.0,89,29,0
State,623,1971,148.0,175.0,151.0,45.0,119,30,0
Route.,771,1971,202.0,148.0,151.0,45.0,141,29,0
=,571,1994,0,202.0,151.0,151.0,22,11,0
