word,x,y,x+1 dist,x-1 dist,y+1 dist,y-1 dist,width,height,table
The,1650,152,63.0,0,1522.0,0,53,23,0
Procter,1713,152,108.0,63.0,1522.0,0,97,22,0
&,1821,152,32.0,108.0,1522.0,0,21,20,0
Gamble,1853,152,117.0,32.0,1522.0,0,106,24,0
Company,1970,152,139.0,117.0,1522.0,0,128,29,0
and,2109,152,58.0,139.0,1522.0,0,46,23,0
Subsidiaries,2167,152,2032.0,58.0,1522.0,0,159,25,0
Consolidated,158,451,366.0,2032.0,1522.0,1522.0,285,71,0
June,524,451,93.0,366.0,377.0,1522.0,78,37,0
30,617,451,51.0,93.0,377.0,1522.0,38,30,0
(Millions,668,451,159.0,51.0,377.0,1522.0,147,33,0
of,827,451,42.0,159.0,377.0,1522.0,34,30,0
Dollars),869,451,1127.0,42.0,377.0,1522.0,129,34,0
1994,1996,451,233.0,1127.0,377.0,1522.0,79,35,0
1993,2229,451,1703.0,233.0,377.0,1522.0,77,31,0
ASSETS,528,519,372.0,1703.0,377.0,377.0,177,30,0
Balance,159,561,369.0,372.0,372.0,372.0,174,70,0
Current,528,561,167.0,369.0,374.0,372.0,152,29,0
Assets,695,561,175.0,167.0,374.0,372.0,137,28,0
Cash,529,614,101.0,175.0,374.0,374.0,87,33,0
and,630,614,80.0,101.0,375.0,374.0,66,33,0
cash,710,614,91.0,80.0,375.0,374.0,76,33,0
equivalents,801,614,1119.0,91.0,375.0,374.0,208,44,0
$,1920,614,49.0,1119.0,375.0,374.0,20,40,0
"2,373",1969,614,185.0,49.0,375.0,374.0,105,39,0
$,2154,614,48.0,185.0,375.0,374.0,18,39,0
"2,322",2202,614,2045.0,48.0,375.0,374.0,105,38,0
Sheet,158,664,370.0,2045.0,375.0,375.0,125,71,0
Marketable,528,664,224.0,370.0,374.0,375.0,210,35,0
securities,752,664,1253.0,224.0,374.0,375.0,170,32,0
283,2005,664,234.0,1253.0,374.0,375.0,69,34,0
306,2239,664,1712.0,234.0,374.0,375.0,69,37,0
Accounts,528,716,187.0,1712.0,374.0,374.0,171,33,0
receivable,715,716,1255.0,187.0,53.0,374.0,181,34,0
"3,115",1970,716,233.0,1255.0,53.0,374.0,102,39,0
"3,111",2203,716,1675.0,233.0,53.0,374.0,101,38,0
Inventories,529,768,1440.0,1675.0,53.0,53.0,205,32,0
"2,877",1969,768,233.0,1440.0,47.0,53.0,105,38,0
"2,903",2202,768,1675.0,233.0,47.0,53.0,104,38,0
Deferred,528,814,175.0,1675.0,47.0,47.0,160,35,0
income,703,814,148.0,175.0,51.0,47.0,133,32,0
taxes,851,814,1154.0,148.0,51.0,47.0,89,23,0
716,2005,814,233.0,1154.0,51.0,47.0,71,37,0
740,2238,814,1710.0,233.0,51.0,47.0,69,36,0
Prepaid,529,864,155.0,1710.0,51.0,51.0,140,43,0
expenses,684,864,171.0,155.0,1441.0,51.0,157,32,0
and,855,864,80.0,171.0,1441.0,51.0,66,34,0
other,935,864,110.0,80.0,1441.0,51.0,96,32,0
current,1045,864,147.0,110.0,1441.0,51.0,132,23,0
assets,1192,864,812.0,147.0,1441.0,51.0,100,23,0
624,2004,864,235.0,812.0,1441.0,51.0,71,36,0
593,2239,864,280.0,235.0,1441.0,51.0,67,35,0
"9,988",1968,934,234.0,280.0,1441.0,1441.0,107,39,0
"9,975",2202,934,1673.0,234.0,1439.0,1441.0,103,38,0
"Property,",530,980,200.0,1673.0,1439.0,1439.0,183,34,0
"Plant,",730,980,130.0,200.0,51.0,1439.0,114,34,0
and,860,980,89.0,130.0,51.0,1439.0,72,29,0
Equipment,949,980,1000.0,89.0,51.0,1439.0,214,35,1
"10,024",1949,980,253.0,1000.0,51.0,1439.0,127,43,0
"9,485",2202,980,1674.0,253.0,51.0,1439.0,103,42,0
Goodwill,529,1030,191.0,1674.0,51.0,51.0,175,29,0
and,720,1030,88.0,191.0,50.0,51.0,72,28,0
Other,808,1030,128.0,88.0,50.0,51.0,112,28,0
Intangible,936,1030,217.0,128.0,50.0,51.0,202,35,0
Assets,1153,1030,817.0,217.0,50.0,51.0,137,28,0
"3,754",1970,1030,233.0,817.0,50.0,51.0,106,43,0
"3,762",2203,1030,1675.0,233.0,50.0,51.0,103,41,0
Other,529,1080,126.0,1675.0,50.0,50.0,112,29,0
Assets,655,1080,1318.0,126.0,68.0,50.0,138,28,0
"1,769",1973,1080,233.0,1318.0,68.0,50.0,102,43,0
"1,713",2206,1080,1680.0,233.0,68.0,50.0,100,37,0
Total,528,1147,1392.0,1680.0,68.0,68.0,103,28,0
"$25,535",1920,1147,234.0,1392.0,102.0,68.0,152,42,0
"$24,935",2154,1147,1628.0,234.0,102.0,68.0,151,42,0
LIABILITIES,530,1248,285.0,1628.0,102.0,102.0,268,30,0
AND,815,1248,112.0,285.0,53.0,102.0,95,30,1
SHAREHOLDERS',927,1248,404.0,112.0,53.0,102.0,383,31,0
EQUITY,1331,1248,804.0,404.0,53.0,102.0,170,33,0
Current,529,1300,168.0,804.0,53.0,53.0,151,29,0
Liabilities,697,1300,175.0,168.0,44.0,53.0,198,29,0
Accounts,528,1343,186.0,175.0,44.0,44.0,172,33,0
payable,714,1343,191.0,186.0,339.0,44.0,140,44,0
trade,905,1343,1016.0,191.0,339.0,44.0,92,34,0
$,1921,1343,49.0,1016.0,339.0,44.0,19,39,0
"2,604",1970,1343,184.0,49.0,339.0,44.0,106,42,0
$,2154,1343,48.0,184.0,339.0,44.0,19,40,0
"2,269",2202,1343,1337.0,48.0,339.0,44.0,107,41,0
-,866,1367,339.0,1337.0,339.0,339.0,25,3,0
Accounts,528,1393,186.0,339.0,339.0,339.0,172,33,0
payable,714,1393,190.0,186.0,339.0,339.0,139,44,0
other,904,1393,1101.0,190.0,339.0,339.0,96,32,0
660,2005,1393,233.0,1101.0,339.0,339.0,71,36,0
642,2238,1393,1373.0,233.0,339.0,339.0,69,35,0
-,866,1417,339.0,1373.0,339.0,339.0,25,3,0
Accrued,528,1443,168.0,339.0,339.0,339.0,153,34,0
liabilities,696,1443,1273.0,168.0,50.0,339.0,172,34,0
"2,961",1969,1443,233.0,1273.0,50.0,339.0,103,42,0
"2,838",2202,1443,1675.0,233.0,50.0,339.0,105,38,0
Taxes,528,1493,113.0,1675.0,50.0,50.0,99,33,0
payable,641,1493,1363.0,113.0,52.0,50.0,139,44,0
440,2004,1493,234.0,1363.0,52.0,50.0,72,35,0
726,2238,1493,1710.0,234.0,52.0,50.0,70,36,0
Debt,529,1544,107.0,1710.0,52.0,52.0,93,35,0
due,636,1544,79.0,107.0,1442.0,52.0,66,34,0
within,715,1544,137.0,79.0,1442.0,52.0,124,32,0
one,852,1544,78.0,137.0,1442.0,52.0,63,22,0
year,930,1544,1043.0,78.0,1442.0,52.0,74,31,0
"1,375",1973,1544,232.0,1043.0,1442.0,52.0,100,40,0
"1,812",2205,1544,245.0,232.0,1442.0,52.0,101,37,0
"8,040",1969,1609,233.0,245.0,1442.0,1442.0,106,43,0
"8,287",2202,1609,1672.0,233.0,1439.0,1442.0,104,38,0
Long-Term,531,1660,231.0,1672.0,1439.0,1439.0,214,34,0
Debt,762,1660,1206.0,231.0,51.0,1439.0,91,28,0
"4,980",1968,1660,236.0,1206.0,51.0,1439.0,108,42,0
"5,174",2204,1660,1676.0,236.0,51.0,1439.0,105,41,0
Other,529,1710,129.0,1676.0,51.0,51.0,113,29,0
Liabilities,658,1710,1313.0,129.0,50.0,51.0,198,29,0
"3,336",1971,1710,233.0,1313.0,50.0,51.0,106,42,0
"3,850",2204,1710,1674.0,233.0,50.0,51.0,105,38,0
Deferred,531,1759,189.0,1674.0,50.0,50.0,172,29,0
Income,720,1759,163.0,189.0,1420.0,50.0,148,28,0
Taxes,883,1759,1124.0,163.0,1420.0,50.0,123,28,0
347,2007,1759,235.0,1124.0,1420.0,50.0,68,39,0
183,2242,1759,301.0,235.0,1420.0,50.0,65,35,0
"16,703",1949,1827,232.0,301.0,1420.0,1420.0,125,41,0
"17,494",2181,1827,1654.0,232.0,1422.0,1420.0,128,42,0
Shareholders',529,1900,295.0,1654.0,1422.0,1422.0,278,29,0
Equity,824,1900,299.0,295.0,43.0,1422.0,126,35,0
Convertible,529,1943,231.0,299.0,43.0,43.0,217,35,0
Class,760,1943,106.0,231.0,50.0,43.0,92,34,0
A,866,1943,45.0,106.0,50.0,43.0,32,32,0
preferred,911,1943,181.0,45.0,50.0,43.0,166,44,0
stock,1092,1943,881.0,181.0,50.0,43.0,95,34,0
"1,942",1973,1943,233.0,881.0,50.0,43.0,101,42,0
"1,969",2206,1943,1678.0,233.0,50.0,43.0,102,41,0
Common,529,1993,187.0,1678.0,50.0,50.0,174,32,0
stock,716,1993,146.0,187.0,295.0,50.0,96,35,0
shares,862,1993,122.0,146.0,295.0,50.0,109,33,0
outstanding:,984,1993,253.0,122.0,295.0,50.0,233,43,0
1994,1237,1993,144.0,253.0,295.0,50.0,92,40,0
"684,348,359;",1381,1993,559.0,144.0,295.0,50.0,253,42,0
-,823,2017,519.0,559.0,295.0,295.0,26,3,0
-,1342,2017,760.0,519.0,242.0,295.0,25,2,0
1993,583,2043,105.0,760.0,242.0,242.0,89,35,0
"-681,754,226",688,2043,1318.0,105.0,74.0,242.0,279,42,0
684,2006,2043,233.0,1318.0,74.0,242.0,71,36,0
682,2239,2043,1711.0,233.0,74.0,242.0,69,34,0
Additional,529,2093,215.0,1711.0,74.0,74.0,201,33,0
paid-in,744,2093,149.0,215.0,51.0,74.0,134,44,0
capital,893,2093,1115.0,149.0,51.0,74.0,121,43,0
560,2008,2093,230.0,1115.0,51.0,74.0,69,37,0
477,2238,2093,1709.0,230.0,51.0,74.0,69,36,0
Currency,530,2143,183.0,1709.0,51.0,51.0,168,43,0
translation,713,2143,211.0,183.0,51.0,51.0,197,33,0
adjustments,924,2143,1093.0,211.0,51.0,51.0,225,43,0
(63),2017,2143,233.0,1093.0,51.0,51.0,73,40,0
(99),2250,2143,1721.0,233.0,51.0,51.0,74,38,0
Reserve,530,2194,155.0,1721.0,51.0,51.0,141,32,0
for,685,2194,63.0,155.0,49.0,51.0,50,35,0
employee,748,2194,189.0,63.0,49.0,51.0,175,43,0
stock,937,2194,109.0,189.0,49.0,51.0,96,35,0
ownership,1046,2194,204.0,109.0,49.0,51.0,191,43,0
plan,1250,2194,94.0,204.0,49.0,51.0,80,45,0
debt,1344,2194,97.0,94.0,49.0,51.0,82,34,0
retirement,1441,2194,515.0,97.0,49.0,51.0,195,32,0
"(1,787)",1956,2194,233.0,515.0,49.0,51.0,134,40,1
"(1,836)",2189,2194,1660.0,233.0,49.0,51.0,135,41,0
Retained,530,2243,179.0,1660.0,49.0,49.0,165,34,1
earnings,709,2243,1261.0,179.0,1441.0,49.0,155,42,0
"7,496",1970,2243,233.0,1261.0,1441.0,49.0,107,43,0
"6,248",2203,2243,244.0,233.0,1441.0,49.0,105,42,0
"8,832",1969,2311,234.0,244.0,1441.0,1441.0,105,40,0
"7,441",2203,2311,1676.0,234.0,1442.0,1441.0,102,41,0
Total,529,2377,1393.0,1676.0,1442.0,1442.0,104,28,0
"$25,535",1922,2377,234.0,1393.0,87.0,1442.0,152,39,0
"$24,935",2156,2377,1629.0,234.0,87.0,1442.0,151,42,0
See,530,2463,52.0,1629.0,87.0,87.0,41,23,0
accompanying,582,2463,203.0,52.0,786.0,87.0,192,30,0
Notes,785,2463,90.0,203.0,786.0,87.0,79,22,0
To,875,2463,46.0,90.0,786.0,87.0,35,23,0
Consolidated,921,2463,186.0,46.0,786.0,87.0,174,24,0
Financial,1107,2463,133.0,186.0,786.0,87.0,121,23,0
Statements.,1240,2463,1285.0,133.0,786.0,87.0,154,22,0
18,158,3155,0,1285.0,786.0,786.0,32,23,0
