word,x,y,x+1 dist,x-1 dist,y+1 dist,y-1 dist,width,height,table
Selected,305,186,234.0,0,1254.0,0,218,59,0
Quarterly,539,186,260.0,234.0,1254.0,0,247,75,0
Financial,799,186,242.0,260.0,1254.0,0,226,59,0
Information,1041,186,332.0,242.0,1254.0,0,312,60,0
(Unaudited),1373,186,221.0,332.0,1254.0,0,313,76,0
(Tabular,1552,314,100.0,221.0,1254.0,1254.0,92,30,0
amounts,1652,314,104.0,100.0,282.0,1254.0,95,17,0
in,1756,314,28.0,104.0,282.0,1254.0,19,21,0
"thousands,",1784,314,129.0,28.0,282.0,1254.0,120,27,0
except,1913,314,80.0,129.0,282.0,1254.0,72,25,0
per,1993,314,44.0,80.0,282.0,1254.0,37,23,0
share,2037,314,68.0,44.0,282.0,1254.0,59,23,0
amounts),2105,314,827.0,68.0,282.0,1254.0,104,28,0
Fourth,1282,392,296.0,827.0,282.0,282.0,90,29,0
Third,1578,392,252.0,296.0,46.0,282.0,73,29,0
Second,1830,392,322.0,252.0,46.0,282.0,100,29,0
First,2152,392,887.0,322.0,46.0,282.0,57,27,0
Quarter,1267,435,279.0,887.0,46.0,46.0,106,35,0
Quarter,1546,435,279.0,279.0,967.0,46.0,106,35,0
Quarter,1825,435,279.0,279.0,967.0,46.0,106,35,0
Quarter,2104,435,1802.0,279.0,967.0,46.0,106,35,0
1994,306,539,103.0,1802.0,967.0,967.0,81,23,0
Net,303,641,56.0,103.0,103.0,103.0,47,27,0
sales,359,641,842.0,56.0,58.0,103.0,62,29,0
$,1201,641,42.0,842.0,58.0,103.0,13,33,0
"2,493,286",1243,641,238.0,42.0,58.0,103.0,129,37,0
$,1481,641,40.0,238.0,58.0,103.0,12,33,0
"2,149,908",1521,641,238.0,40.0,58.0,103.0,130,36,0
$,1759,641,45.0,238.0,58.0,103.0,12,33,0
"2,076,700",1804,641,234.0,45.0,58.0,103.0,126,36,0
$,2038,641,43.0,234.0,58.0,103.0,12,33,0
"2,468,854",2081,641,1779.0,43.0,58.0,103.0,127,37,0
Gross,303,699,87.0,1779.0,58.0,58.0,77,28,0
margin,390,699,811.0,87.0,58.0,58.0,93,35,0
$,1201,699,68.0,811.0,58.0,58.0,13,33,0
"678,873",1269,699,212.0,68.0,58.0,58.0,102,36,0
$,1481,699,67.0,212.0,58.0,58.0,12,33,0
"573,872",1548,699,211.0,67.0,58.0,58.0,102,33,0
$,1759,699,64.0,211.0,58.0,58.0,12,33,0
"499,064",1823,699,215.0,64.0,58.0,58.0,107,37,0
$,2038,699,66.0,215.0,58.0,58.0,12,33,0
"592,024",2104,699,1802.0,66.0,58.0,58.0,105,36,0
Net,303,757,57.0,1802.0,58.0,58.0,47,27,0
income,360,757,841.0,57.0,59.0,58.0,100,26,0
$,1201,757,71.0,841.0,59.0,58.0,13,33,0
"114,655",1272,757,208.0,71.0,59.0,58.0,99,37,0
$,1480,757,72.0,208.0,59.0,58.0,13,33,0
"138,101",1552,757,207.0,72.0,59.0,58.0,97,34,0
$,1759,757,89.0,207.0,59.0,58.0,12,32,1
"17,404",1848,757,190.0,89.0,59.0,58.0,82,36,0
$,2038,757,83.0,190.0,59.0,58.0,12,33,0
"40,018",2121,757,1819.0,83.0,59.0,58.0,88,36,0
Earnings,303,816,127.0,1819.0,59.0,59.0,116,36,0
per,430,816,53.0,127.0,59.0,59.0,45,28,0
common,483,816,132.0,53.0,59.0,59.0,122,20,0
and,615,816,59.0,132.0,59.0,59.0,50,29,0
common,674,816,132.0,59.0,59.0,59.0,121,20,1
equivalent,806,816,148.0,132.0,59.0,59.0,139,38,0
share,954,816,247.0,148.0,59.0,59.0,73,29,0
$,1201,816,115.0,247.0,59.0,59.0,12,33,0
0.95,1316,816,164.0,115.0,59.0,59.0,55,31,0
$,1480,816,120.0,164.0,59.0,59.0,12,34,0
1.16,1600,816,159.0,120.0,59.0,59.0,51,31,0
$,1759,816,116.0,159.0,59.0,59.0,12,33,0
0.15,1875,816,163.0,116.0,59.0,59.0,54,31,0
$,2038,816,116.0,163.0,59.0,59.0,12,33,0
0.34,2154,816,1852.0,116.0,59.0,59.0,54,33,0
Cash,303,875,74.0,1852.0,59.0,59.0,64,29,0
dividends,377,875,140.0,74.0,58.0,59.0,130,29,0
declared,517,875,125.0,140.0,58.0,59.0,116,29,0
per,642,875,54.0,125.0,58.0,59.0,46,29,0
common,696,875,132.0,54.0,58.0,59.0,122,20,0
share,828,875,373.0,132.0,58.0,59.0,72,29,0
$,1201,875,116.0,373.0,58.0,59.0,12,33,0
0.12,1317,875,163.0,116.0,58.0,59.0,54,28,0
$,1480,875,116.0,163.0,58.0,59.0,13,33,1
0.12,1596,875,163.0,116.0,58.0,59.0,54,28,0
$,1759,875,116.0,163.0,58.0,59.0,12,33,0
0.12,1875,875,163.0,116.0,58.0,59.0,53,28,0
$,2038,875,116.0,163.0,58.0,59.0,12,34,0
0.12,2154,875,1852.0,116.0,58.0,59.0,53,27,0
Price,303,933,75.0,1852.0,58.0,58.0,65,27,0
range,378,933,85.0,75.0,134.0,58.0,75,28,0
per,463,933,54.0,85.0,134.0,58.0,45,28,0
common,517,933,131.0,54.0,134.0,58.0,121,20,0
share,648,933,553.0,131.0,134.0,58.0,72,30,0
$,1201,933,28.0,553.0,134.0,58.0,12,33,0
"364$26'/,",1229,933,251.0,28.0,134.0,58.0,145,34,0
$,1480,933,30.0,251.0,134.0,58.0,12,34,0
331/2$251,1510,933,249.0,30.0,134.0,58.0,143,33,0
$,1759,933,30.0,249.0,134.0,58.0,12,33,0
381/:$291/,1789,933,249.0,30.0,134.0,58.0,143,33,0
$,2038,933,52.0,249.0,134.0,58.0,12,33,0
"34$22%,",2090,933,1790.0,52.0,134.0,58.0,121,34,0
1993,305,1066,100.0,1790.0,134.0,134.0,81,23,0
Net,303,1165,56.0,100.0,100.0,100.0,46,27,0
sales,359,1165,842.0,56.0,58.0,100.0,61,29,0
$,1201,1165,44.0,842.0,58.0,100.0,12,33,0
"2,140,789",1245,1165,235.0,44.0,58.0,100.0,127,36,0
$,1480,1165,43.0,235.0,58.0,100.0,12,33,0
"1,861,979",1523,1165,236.0,43.0,58.0,100.0,128,36,0
$,1759,1165,41.0,236.0,58.0,100.0,12,34,0
"1,973,894",1800,1165,238.0,41.0,58.0,100.0,129,36,0
$,2038,1165,41.0,238.0,58.0,100.0,12,34,0
"2,000,292",2079,1165,1777.0,41.0,58.0,100.0,128,34,0
Gross,303,1223,86.0,1777.0,58.0,58.0,76,28,0
margin,389,1223,812.0,86.0,59.0,58.0,93,35,0
$,1201,1223,68.0,812.0,59.0,58.0,12,33,0
"550,428",1269,1223,211.0,68.0,59.0,58.0,102,35,0
$,1480,1223,66.0,211.0,59.0,58.0,12,33,0
"606,004",1546,1223,213.0,66.0,59.0,58.0,105,37,0
$,1759,1223,67.0,213.0,59.0,58.0,12,32,0
"760,763",1826,1223,212.0,67.0,59.0,58.0,102,36,0
$,2038,1223,66.0,212.0,59.0,58.0,12,33,0
"810,925",2104,1223,1802.0,66.0,59.0,58.0,104,34,0
Net,303,1282,56.0,1802.0,59.0,59.0,46,27,0
income,359,1282,112.0,56.0,58.0,59.0,100,26,0
(loss),471,1282,730.0,112.0,58.0,59.0,70,38,0
$,1201,1282,98.0,730.0,58.0,59.0,12,33,0
"2,664",1299,1282,181.0,98.0,58.0,59.0,72,36,0
$,1480,1282,58.0,181.0,58.0,59.0,12,33,0
"(188,316)",1538,1282,221.0,58.0,58.0,59.0,124,39,0
$,1759,1282,69.0,221.0,58.0,59.0,12,33,0
"110,900",1828,1282,210.0,69.0,58.0,59.0,101,34,0
$,2038,1282,71.0,210.0,58.0,59.0,12,33,0
"161,341",2109,1282,1807.0,71.0,58.0,59.0,98,37,0
Earnings,303,1340,128.0,1807.0,58.0,58.0,116,35,0
(loss),431,1340,82.0,128.0,59.0,58.0,70,38,0
per,513,1340,54.0,82.0,59.0,58.0,45,28,0
common,567,1340,131.0,54.0,59.0,58.0,122,20,0
and,698,1340,59.0,131.0,59.0,58.0,50,30,0
common,757,1340,132.0,59.0,59.0,58.0,122,20,0
equivalent,889,1340,149.0,132.0,59.0,58.0,139,37,0
share,1038,1340,163.0,149.0,59.0,58.0,72,29,0
$,1201,1340,116.0,163.0,59.0,58.0,12,34,0
0.02,1317,1340,163.0,116.0,59.0,58.0,53,27,0
$,1480,1340,107.0,163.0,59.0,58.0,12,33,0
(1.63),1587,1340,172.0,107.0,59.0,58.0,75,39,0
$,1759,1340,115.0,172.0,59.0,58.0,12,32,0
0.92,1874,1340,164.0,115.0,59.0,58.0,54,30,0
$,2038,1340,118.0,164.0,59.0,58.0,12,33,0
1.33,2156,1340,1854.0,118.0,59.0,58.0,51,31,0
Cash,303,1399,73.0,1854.0,59.0,59.0,63,29,0
dividends,376,1399,140.0,73.0,58.0,59.0,130,29,0
declared,516,1399,126.0,140.0,58.0,59.0,116,29,0
per,642,1399,54.0,126.0,58.0,59.0,45,28,0
common,696,1399,131.0,54.0,58.0,59.0,122,20,0
share,827,1399,374.0,131.0,58.0,59.0,72,29,0
$,1201,1399,116.0,374.0,58.0,59.0,12,33,0
0.12,1317,1399,163.0,116.0,58.0,59.0,53,28,0
$,1480,1399,116.0,163.0,58.0,59.0,12,32,0
0.12,1596,1399,163.0,116.0,58.0,59.0,53,28,0
$,1759,1399,116.0,163.0,58.0,59.0,12,33,0
0.12,1875,1399,163.0,116.0,58.0,59.0,53,27,0
$,2038,1399,116.0,163.0,58.0,59.0,12,33,0
0.12,2154,1399,1852.0,116.0,58.0,59.0,53,27,0
Price,303,1457,75.0,1852.0,58.0,58.0,64,27,0
range,378,1457,84.0,75.0,139.0,58.0,74,27,0
per,462,1457,54.0,84.0,139.0,58.0,45,29,0
common,516,1457,132.0,54.0,139.0,58.0,122,20,0
share,648,1457,553.0,132.0,139.0,58.0,71,29,0
$,1201,1457,29.0,553.0,139.0,58.0,12,33,0
"40'/,$24'/",1230,1457,250.0,29.0,139.0,58.0,143,33,0
$,1480,1457,29.0,250.0,139.0,58.0,12,32,0
58%$39N,1509,1457,250.0,29.0,139.0,58.0,143,31,0
$,1759,1457,52.0,250.0,139.0,58.0,12,33,0
65$52X,1811,1457,227.0,52.0,139.0,58.0,120,33,0
$,2038,1457,29.0,227.0,139.0,58.0,12,33,0
60X$433X,2067,1457,1773.0,29.0,139.0,58.0,143,34,0
At,300,1595,32.0,1773.0,139.0,139.0,22,22,0
September,332,1595,128.0,32.0,63.0,139.0,120,29,0
"30,",460,1595,41.0,128.0,63.0,139.0,30,24,0
"1994,",501,1595,65.0,41.0,63.0,139.0,55,27,0
there,566,1595,66.0,65.0,63.0,139.0,57,23,0
were,632,1595,61.0,66.0,63.0,139.0,52,16,0
"32,219",693,1595,79.0,61.0,63.0,139.0,71,26,0
shareholders,772,1595,152.0,79.0,63.0,139.0,143,23,0
of,924,1595,29.0,152.0,63.0,139.0,23,23,0
record.,953,1595,655.0,29.0,63.0,139.0,77,23,0
The,301,1657,51.0,655.0,63.0,63.0,43,23,0
Company,352,1657,114.0,51.0,42.0,63.0,107,29,0
began,466,1657,74.0,114.0,42.0,63.0,65,30,0
declaring,540,1657,109.0,74.0,42.0,63.0,102,30,0
quarterly,649,1657,107.0,109.0,42.0,63.0,100,30,0
cash,756,1657,56.0,107.0,42.0,63.0,48,23,0
dividends,812,1657,115.0,56.0,42.0,63.0,106,23,0
on,927,1657,37.0,115.0,42.0,63.0,27,15,0
its,964,1657,31.0,37.0,42.0,63.0,23,21,0
common,995,1657,107.0,31.0,42.0,63.0,99,15,0
stock,1102,1657,66.0,107.0,42.0,63.0,58,24,0
in,1168,1657,27.0,66.0,42.0,63.0,20,20,0
April,1195,1657,63.0,27.0,42.0,63.0,52,30,0
1987.,1258,1657,63.0,63.0,42.0,63.0,54,25,0
The,1321,1657,51.0,63.0,42.0,63.0,43,23,0
dividend,1372,1657,105.0,51.0,42.0,63.0,96,23,0
policy,1477,1657,73.0,105.0,42.0,63.0,65,30,0
is,1550,1657,1249.0,73.0,42.0,63.0,15,21,0
determined,302,1698,137.0,1249.0,42.0,42.0,128,23,0
quarterly,439,1698,107.0,137.0,42.0,42.0,100,31,0
by,546,1698,33.0,107.0,42.0,42.0,25,30,0
the,579,1698,43.0,33.0,42.0,42.0,34,24,0
Board,622,1698,74.0,43.0,42.0,42.0,65,23,0
of,696,1698,29.0,74.0,42.0,42.0,23,24,0
Directors,725,1698,110.0,29.0,42.0,42.0,101,22,0
and,835,1698,49.0,110.0,42.0,42.0,40,23,0
is,884,1698,23.0,49.0,42.0,42.0,14,21,0
dependent,907,1698,129.0,23.0,42.0,42.0,120,30,0
on,1036,1698,36.0,129.0,42.0,42.0,27,15,0
the,1072,1698,44.0,36.0,42.0,42.0,35,23,0
Company's,1116,1698,130.0,44.0,42.0,42.0,122,29,0
"earnings,",1246,1698,108.0,130.0,42.0,42.0,99,28,0
capital,1354,1698,80.0,108.0,42.0,42.0,71,30,0
"requirements,",1434,1698,1133.0,80.0,42.0,42.0,154,28,0
financial,302,1740,99.0,1133.0,42.0,42.0,90,24,0
"condition,",401,1740,121.0,99.0,64.0,42.0,112,28,0
and,522,1740,48.0,121.0,64.0,42.0,39,24,0
other,570,1740,68.0,48.0,64.0,42.0,60,24,0
factors.,638,1740,343.0,68.0,64.0,42.0,77,24,0
The,301,1803,51.0,343.0,64.0,64.0,42,23,0
price,352,1803,63.0,51.0,43.0,64.0,54,28,0
range,415,1803,70.0,63.0,43.0,64.0,61,22,0
per,485,1803,44.0,70.0,43.0,64.0,36,22,0
common,529,1803,107.0,44.0,43.0,64.0,98,15,0
share,636,1803,67.0,107.0,43.0,64.0,58,23,0
represents,703,1803,125.0,67.0,43.0,64.0,116,24,0
the,828,1803,43.0,125.0,43.0,64.0,34,24,0
highest,871,1803,89.0,43.0,43.0,64.0,80,31,0
and,960,1803,48.0,89.0,43.0,64.0,39,23,0
lowest,1008,1803,78.0,48.0,43.0,64.0,70,23,0
closing,1086,1803,85.0,78.0,43.0,64.0,78,30,0
prices,1171,1803,74.0,85.0,43.0,64.0,65,28,0
for,1245,1803,39.0,74.0,43.0,64.0,31,23,0
the,1284,1803,43.0,39.0,43.0,64.0,34,23,0
Company's,1327,1803,131.0,43.0,43.0,64.0,122,29,0
common,1458,1803,1157.0,131.0,43.0,64.0,98,15,0
stock,302,1845,65.0,1157.0,43.0,43.0,57,23,0
on,367,1845,37.0,65.0,62.0,43.0,28,15,0
the,404,1845,44.0,37.0,62.0,43.0,34,23,0
Nasdaq,448,1845,88.0,44.0,62.0,43.0,79,30,0
National,536,1845,99.0,88.0,62.0,43.0,90,23,0
Market,635,1845,84.0,99.0,62.0,43.0,76,23,0
during,719,1845,81.0,84.0,62.0,43.0,73,30,0
each,800,1845,58.0,81.0,62.0,43.0,50,23,0
quarter.,858,1845,560.0,58.0,62.0,43.0,86,24,0
Net,302,1907,46.0,560.0,62.0,62.0,37,22,0
income,348,1907,90.0,46.0,42.0,62.0,81,21,1
for,438,1907,39.0,90.0,42.0,62.0,31,23,0
the,477,1907,43.0,39.0,42.0,62.0,34,23,0
third,520,1907,60.0,43.0,42.0,62.0,51,23,0
quarter,580,1907,89.0,60.0,42.0,62.0,81,23,0
of,669,1907,31.0,89.0,42.0,62.0,23,23,0
1994,700,1907,57.0,31.0,42.0,62.0,49,25,0
includes,757,1907,100.0,57.0,42.0,62.0,92,23,0
a,857,1907,19.0,100.0,42.0,62.0,10,16,0
restructuring,876,1907,151.0,19.0,42.0,62.0,144,27,0
adjustment,1027,1907,133.0,151.0,42.0,62.0,124,29,0
that,1160,1907,50.0,133.0,42.0,62.0,41,23,0
increased,1210,1907,114.0,50.0,42.0,62.0,105,24,0
income,1324,1907,89.0,114.0,42.0,62.0,81,21,0
by,1413,1907,34.0,89.0,42.0,62.0,26,30,0
8127,1447,1907,59.0,34.0,42.0,62.0,51,22,0
million,1506,1907,1204.0,59.0,42.0,62.0,76,23,0
($79,303,1948,56.0,1204.0,42.0,42.0,46,29,0
million.,359,1948,90.0,56.0,42.0,42.0,81,24,0
or,449,1948,32.0,90.0,42.0,42.0,24,16,0
$0.66,481,1948,66.0,32.0,42.0,42.0,57,26,0
per,547,1948,44.0,66.0,42.0,42.0,36,23,0
"share,",591,1948,73.0,44.0,42.0,42.0,64,28,0
after,664,1948,57.0,73.0,42.0,42.0,50,24,0
taxes).,721,1948,80.0,57.0,42.0,42.0,70,25,0
Net,801,1948,46.0,80.0,42.0,42.0,37,21,0
loss,847,1948,49.0,46.0,42.0,42.0,40,23,0
for,896,1948,38.0,49.0,42.0,42.0,30,23,0
the,934,1948,44.0,38.0,42.0,42.0,35,24,0
third,978,1948,60.0,44.0,42.0,42.0,52,24,0
quarter,1038,1948,88.0,60.0,42.0,42.0,81,24,0
of,1126,1948,31.0,88.0,42.0,42.0,24,23,0
1993,1157,1948,58.0,31.0,42.0,42.0,49,24,0
includes,1215,1948,100.0,58.0,42.0,42.0,91,24,0
a,1315,1948,19.0,100.0,42.0,42.0,10,16,0
restructuring,1334,1948,152.0,19.0,42.0,42.0,143,27,0
charge,1486,1948,81.0,152.0,42.0,42.0,73,29,0
of,1567,1948,1265.0,81.0,42.0,42.0,23,24,0
$321,303,1990,58.0,1265.0,42.0,42.0,48,25,0
million,361,1990,86.0,58.0,1504.0,42.0,76,23,0
($199,447,1990,69.0,86.0,1504.0,42.0,60,30,0
"million,",516,1990,91.0,69.0,1504.0,42.0,81,28,0
or,607,1990,31.0,91.0,1504.0,42.0,23,15,0
"31,72",638,1990,73.0,31.0,1504.0,42.0,62,25,0
per,711,1990,43.0,73.0,1504.0,42.0,36,22,0
"share,",754,1990,74.0,43.0,1504.0,42.0,65,27,0
after,828,1990,57.0,74.0,1504.0,42.0,50,24,0
taxes).,885,1990,1228.0,57.0,1504.0,42.0,69,23,0
12,1242,3164,0,1228.0,1504.0,1504.0,31,27,0
