word,x,y,x+1 dist,x-1 dist,y+1 dist,y-1 dist,width,height,table
Statement,260,58,356.0,0,213.0,0,333,69,0
of,616,58,88.0,356.0,213.0,0,76,72,0
Consolic,704,58,301.0,88.0,213.0,0,294,73,0
.ated,1005,58,173.0,301.0,213.0,0,143,73,0
Financial,1178,58,333.0,173.0,213.0,0,302,72,0
Position,1511,58,1270.0,333.0,213.0,0,262,68,0
(DOLLARS,259,270,168.0,1270.0,213.0,213.0,153,22,0
IN,427,270,43.0,168.0,64.0,213.0,28,17,0
"MILLIONS,",470,270,165.0,43.0,64.0,213.0,150,21,0
EXCEPT,635,270,129.0,165.0,64.0,213.0,114,17,0
PER,764,270,67.0,129.0,64.0,213.0,54,17,0
SHARE),831,270,1227.0,67.0,64.0,213.0,115,21,0
AT,2058,270,51.0,1227.0,64.0,213.0,37,20,0
DEC.,2109,270,81.0,51.0,64.0,213.0,69,20,0
"31,",2190,270,1933.0,81.0,64.0,213.0,42,25,0
ASSETS,259,334,1722.0,1933.0,64.0,64.0,162,26,0
1993,1981,334,250.0,1722.0,67.0,64.0,71,21,0
1992,2231,334,1974.0,250.0,67.0,64.0,72,20,0
CURRENT,259,401,198.0,1974.0,67.0,67.0,182,25,0
ASSETS:,457,401,202.0,198.0,39.0,67.0,156,25,0
Cash,259,440,100.0,202.0,39.0,39.0,86,33,0
and,359,440,79.0,100.0,52.0,39.0,65,34,0
cash,438,440,87.0,79.0,52.0,39.0,73,34,0
equivalents,525,440,1389.0,87.0,52.0,39.0,195,45,0
$,1914,440,72.0,1389.0,52.0,39.0,19,38,0
273,1986,440,178.0,72.0,52.0,39.0,66,32,0
$,2164,440,72.0,178.0,52.0,39.0,18,38,0
729,2236,440,1980.0,72.0,52.0,39.0,66,33,0
Trade,257,491,113.0,1980.0,52.0,52.0,99,34,0
"receivables,",370,491,211.0,113.0,51.0,52.0,195,39,0
net,581,491,68.0,211.0,51.0,52.0,55,23,0
of,649,491,47.0,68.0,51.0,52.0,39,34,0
allowances,696,491,200.0,47.0,51.0,52.0,186,34,0
of,896,491,49.0,200.0,51.0,52.0,39,34,0
$51,945,491,80.0,49.0,51.0,52.0,57,37,0
in,1025,491,51.0,80.0,51.0,52.0,33,31,0
1993,1076,491,100.0,51.0,51.0,52.0,85,32,0
and,1176,491,79.0,100.0,51.0,52.0,64,34,0
$33,1255,491,81.0,79.0,51.0,52.0,65,37,0
in,1336,491,51.0,81.0,51.0,52.0,32,30,0
1992,1387,491,569.0,51.0,51.0,52.0,85,32,0
"1,445",1956,491,249.0,569.0,51.0,52.0,95,38,0
"1,405",2205,491,1947.0,249.0,51.0,52.0,95,38,0
Miscellaneous,259,541,262.0,1947.0,51.0,51.0,246,33,0
receivables,521,541,198.0,262.0,50.0,51.0,184,35,0
and,719,541,79.0,198.0,50.0,51.0,65,34,0
prepaid,798,541,145.0,79.0,50.0,51.0,132,46,0
expenses,943,541,1044.0,145.0,50.0,51.0,149,32,0
388,1987,541,250.0,1044.0,50.0,51.0,64,32,0
375,2237,541,1978.0,250.0,50.0,51.0,63,34,0
Deferred,260,590,168.0,1978.0,50.0,50.0,155,35,0
income,428,590,144.0,168.0,51.0,50.0,130,32,0
tax,572,590,64.0,144.0,51.0,50.0,50,22,0
b(nefit,636,590,1351.0,64.0,51.0,50.0,121,34,0
342,1987,590,249.0,1351.0,51.0,50.0,66,36,0
395,2236,590,1977.0,249.0,51.0,50.0,65,34,0
Inventories,260,641,1696.0,1977.0,51.0,51.0,194,33,0
"1,224",1956,641,250.0,1696.0,63.0,51.0,97,38,0
"1,156",2206,641,1949.0,250.0,63.0,51.0,96,37,0
TOTAL,258,703,135.0,1949.0,63.0,63.0,118,26,0
CURRENT,393,703,197.0,135.0,98.0,63.0,182,25,0
ASSETS,590,703,1362.0,197.0,98.0,63.0,145,25,0
"3,672",1952,703,249.0,1362.0,98.0,63.0,100,37,0
"4,060",2201,703,1943.0,249.0,98.0,63.0,101,38,0
"PROPERTY,",261,800,223.0,1943.0,98.0,98.0,204,29,0
PLANT,484,800,140.0,223.0,43.0,98.0,124,26,0
AND,624,800,96.0,140.0,43.0,98.0,77,22,0
EQUIPMENT:,720,800,462.0,96.0,43.0,98.0,230,28,0
Land,260,842,1731.0,462.0,43.0,43.0,89,34,0
107,1991,842,249.0,1731.0,49.0,43.0,63,33,0
106,2240,842,1981.0,249.0,49.0,43.0,63,33,0
I3uildings,260,891,1696.0,1981.0,49.0,49.0,165,45,0
"1,237",1956,891,249.0,1696.0,52.0,49.0,97,35,0
"1,240",2205,891,1947.0,249.0,52.0,49.0,97,38,0
Machinery,259,942,205.0,1947.0,52.0,52.0,192,44,0
and,464,942,78.0,205.0,50.0,52.0,64,34,0
equipment,542,942,1411.0,78.0,50.0,52.0,191,43,0
"5,793",1953,942,250.0,1411.0,50.0,52.0,99,36,0
"5,939",2203,942,1944.0,250.0,50.0,52.0,98,36,0
Construction,260,991,250.0,1944.0,50.0,50.0,235,33,0
in,510,991,46.0,250.0,76.0,50.0,33,31,0
progress,556,991,1431.0,46.0,76.0,50.0,143,33,0
245,1987,991,250.0,1431.0,76.0,50.0,65,36,0
317,2237,991,1981.0,250.0,76.0,50.0,66,33,0
Total,258,1066,103.0,1981.0,76.0,76.0,90,34,0
"property,",361,1066,173.0,103.0,50.0,76.0,157,34,0
plant,534,1066,103.0,173.0,50.0,76.0,90,45,0
and,637,1066,78.0,103.0,50.0,76.0,65,34,0
equipment,715,1066,1237.0,78.0,50.0,76.0,192,43,0
"7,382",1952,1066,250.0,1237.0,50.0,76.0,101,36,0
"7,602",2202,1066,1944.0,250.0,50.0,76.0,100,38,0
Less,259,1115,85.0,1944.0,50.0,50.0,71,32,0
accumulated,344,1115,237.0,85.0,67.0,50.0,223,34,0
depreciation,581,1115,1370.0,237.0,67.0,50.0,217,45,0
"4,580",1951,1115,250.0,1370.0,67.0,50.0,102,38,0
"4,597",2201,1115,1942.0,250.0,67.0,50.0,102,39,0
NET,261,1181,94.0,1942.0,67.0,67.0,76,25,0
"PROPERTY,",355,1181,222.0,94.0,61.0,67.0,203,30,0
PLANT,577,1181,140.0,222.0,61.0,67.0,124,25,0
AND,717,1181,96.0,140.0,61.0,67.0,77,21,0
EQUIPMENT,813,1181,1138.0,96.0,61.0,67.0,219,28,0
"2,802",1951,1181,251.0,1138.0,61.0,67.0,102,35,0
"3,005",2202,1181,1941.0,251.0,61.0,67.0,99,35,0
INVESTMENTS,262,1241,281.0,1941.0,61.0,61.0,263,25,0
IN,543,1241,52.0,281.0,50.0,61.0,35,20,0
AFFILIATES,595,1241,1392.0,52.0,50.0,61.0,220,25,0
227,1987,1241,250.0,1392.0,50.0,61.0,67,33,0
248,2237,1241,1976.0,250.0,50.0,61.0,65,34,0
INTANGIBLE,262,1291,243.0,1976.0,50.0,50.0,225,25,0
"ASSETS,",505,1291,173.0,243.0,69.0,50.0,156,30,0
net,678,1291,68.0,173.0,69.0,50.0,55,23,0
of,746,1291,47.0,68.0,69.0,50.0,39,35,0
accumulated,793,1291,237.0,47.0,69.0,50.0,223,34,0
amortizat,1030,1291,171.0,237.0,69.0,50.0,163,32,0
ion,1201,1291,894.0,171.0,69.0,50.0,55,32,0
of,309,1341,48.0,894.0,69.0,69.0,40,34,0
$450,357,1341,103.0,48.0,72.0,69.0,88,38,0
in,460,1341,52.0,103.0,72.0,69.0,34,31,0
1993,512,1341,100.0,52.0,72.0,69.0,84,33,0
and,612,1341,79.0,100.0,72.0,69.0,61,34,0
$383,691,1341,103.0,79.0,72.0,69.0,87,38,0
in,794,1341,51.0,103.0,72.0,69.0,33,31,0
1992,845,1341,1112.0,51.0,72.0,69.0,86,32,0
"1,189",1957,1341,249.0,1112.0,72.0,69.0,96,35,0
"1,066",2206,1341,1948.0,249.0,72.0,69.0,97,37,0
OTHER,259,1392,145.0,1948.0,72.0,72.0,128,25,0
ASSETS,404,1392,1582.0,145.0,60.0,72.0,144,26,0
750,1986,1392,250.0,1582.0,60.0,72.0,67,34,0
706,2236,1392,1978.0,250.0,60.0,72.0,67,35,0
TOTAL,259,1452,134.0,1978.0,60.0,60.0,119,26,0
ASSETS,393,1452,1523.0,134.0,181.0,60.0,145,24,0
$,1916,1452,37.0,1523.0,181.0,60.0,18,39,0
"8,640",1953,1452,212.0,37.0,181.0,60.0,101,39,0
$,2165,1452,38.0,212.0,181.0,60.0,18,38,0
"9,085",2203,1452,1951.0,38.0,181.0,60.0,99,35,0
LIABILITIES,261,1632,274.0,1951.0,181.0,181.0,257,26,0
AND,535,1632,105.0,274.0,72.0,181.0,89,25,0
SHAREOWNERS',640,1632,362.0,105.0,72.0,181.0,343,30,0
EQUITY,1002,1632,745.0,362.0,72.0,181.0,150,31,0
CURRENT,261,1704,199.0,745.0,72.0,72.0,181,26,0
LIABILITIES:,460,1704,207.0,199.0,41.0,72.0,236,25,0
Accounts,257,1744,179.0,207.0,41.0,41.0,164,31,0
payable,436,1744,1479.0,179.0,53.0,41.0,131,46,0
$,1915,1744,74.0,1479.0,53.0,41.0,18,39,0
538,1989,1744,176.0,74.0,53.0,41.0,64,34,0
$,2165,1744,73.0,176.0,53.0,41.0,18,38,0
525,2238,1744,1981.0,73.0,53.0,41.0,64,34,0
Wages,258,1796,126.0,1981.0,53.0,53.0,111,44,0
and,384,1796,78.0,126.0,50.0,53.0,64,34,0
benefits,462,1796,1525.0,78.0,50.0,53.0,134,34,0
299,1987,1796,254.0,1525.0,50.0,53.0,66,33,0
191,2241,1796,1982.0,254.0,50.0,53.0,58,33,0
Income,260,1845,146.0,1982.0,50.0,50.0,133,33,0
and,406,1845,78.0,146.0,52.0,50.0,65,35,0
other,484,1845,105.0,78.0,52.0,50.0,92,34,0
taxes,589,1845,1402.0,105.0,52.0,50.0,84,22,0
140,1991,1845,246.0,1402.0,52.0,50.0,63,34,0
477,2237,1845,1978.0,246.0,52.0,50.0,66,36,0
Restructuring,260,1897,256.0,1978.0,52.0,52.0,243,43,0
reserves,516,1897,1472.0,256.0,48.0,52.0,133,21,0
255,1988,1897,249.0,1472.0,48.0,52.0,65,34,0
377,2237,1897,1978.0,249.0,48.0,52.0,67,33,0
Miscellaneous,260,1945,261.0,1978.0,48.0,48.0,247,34,0
accruals,521,1945,1467.0,261.0,51.0,48.0,138,35,0
840,1988,1945,249.0,1467.0,51.0,48.0,66,33,0
721,2237,1945,1978.0,249.0,51.0,48.0,62,33,0
Short-term,260,1996,208.0,1978.0,51.0,51.0,194,34,0
debt,468,1996,1519.0,208.0,63.0,51.0,77,33,0
223,1987,1996,250.0,1519.0,63.0,51.0,66,32,0
257,2237,1996,1979.0,250.0,63.0,51.0,67,34,0
TOTAL,259,2058,132.0,1979.0,63.0,63.0,117,26,0
CURRENT,391,2058,199.0,132.0,63.0,63.0,182,25,0
LIABILITIES,590,2058,1363.0,199.0,63.0,63.0,227,25,0
"2,295",1953,2058,250.0,1363.0,63.0,63.0,100,35,0
"2,548",2203,2058,1942.0,250.0,63.0,63.0,100,38,0
LONG-TERM,262,2120,242.0,1942.0,63.0,63.0,222,26,0
DEBT,504,2120,1454.0,242.0,50.0,63.0,100,25,0
"1,502",1958,2120,249.0,1454.0,50.0,63.0,96,36,0
"1,423",2207,2120,1946.0,249.0,50.0,63.0,96,38,0
DEFERRED,262,2170,219.0,1946.0,50.0,50.0,201,26,0
INCOME,481,2170,160.0,219.0,51.0,50.0,144,26,0
TAXES,641,2170,1371.0,160.0,51.0,50.0,120,26,0
54,2012,2170,248.0,1371.0,51.0,50.0,42,36,0
65,2260,2170,1999.0,248.0,51.0,50.0,42,35,0
POSTRETIREMENT,262,2221,358.0,1999.0,51.0,51.0,340,26,0
LIABILITIES,620,2221,1337.0,358.0,51.0,51.0,224,24,0
"1,256",1957,2221,250.0,1337.0,51.0,51.0,97,37,0
"1,252",2207,2221,1948.0,250.0,51.0,51.0,96,35,0
OTHER,260,2271,146.0,1948.0,51.0,51.0,128,26,0
LIABILITIES,406,2271,1581.0,146.0,71.0,51.0,225,25,0
678,1987,2271,250.0,1581.0,71.0,51.0,66,35,0
792,2237,2271,1978.0,250.0,71.0,51.0,67,33,0
SHAREOWNERS',261,2341,322.0,1978.0,71.0,71.0,303,27,0
EQUITY:,583,2341,326.0,322.0,43.0,71.0,150,29,0
Common,260,2383,186.0,326.0,43.0,43.0,172,32,0
stock,446,2383,106.0,186.0,71.0,43.0,91,34,0
"(authorized,",552,2383,225.0,106.0,71.0,43.0,209,41,1
"200,000,000",777,2383,242.0,225.0,71.0,43.0,228,36,0
"shares,",1019,2383,128.0,242.0,71.0,43.0,113,38,0
par,1147,2383,68.0,128.0,71.0,43.0,56,31,0
value,1215,2383,106.0,68.0,71.0,43.0,91,34,0
$2),1321,2383,1013.0,106.0,71.0,43.0,55,41,0
"Issued,",310,2433,137.0,1013.0,71.0,71.0,117,38,0
"164,394,194",447,2433,238.0,137.0,51.0,71.0,224,39,0
shares,685,2433,118.0,238.0,51.0,71.0,103,34,0
in,803,2433,51.0,118.0,51.0,71.0,33,31,0
1993,854,2433,100.0,51.0,51.0,71.0,85,33,0
and,954,2433,82.0,100.0,51.0,71.0,64,34,0
1992,1036,2433,951.0,82.0,51.0,71.0,85,33,0
329,1987,2433,250.0,951.0,51.0,71.0,66,32,0
329,2237,2433,1930.0,250.0,51.0,71.0,66,33,0
Additional,308,2483,203.0,1930.0,51.0,51.0,189,35,0
contributed,511,2483,220.0,203.0,51.0,51.0,208,34,0
capital,731,2483,1257.0,220.0,51.0,51.0,115,44,0
826,1988,2483,250.0,1257.0,51.0,51.0,66,34,0
820,2238,2483,1930.0,250.0,51.0,51.0,65,31,0
Treasury,309,2533,164.0,1930.0,51.0,51.0,151,43,0
"stock,",473,2533,115.0,164.0,71.0,51.0,99,39,0
at,588,2533,44.0,115.0,71.0,51.0,31,22,0
cost,632,2533,84.0,44.0,71.0,51.0,68,22,0
"(48,418,545",716,2533,233.0,84.0,71.0,51.0,216,40,0
shares,949,2533,117.0,233.0,71.0,51.0,102,34,0
in,1066,2533,51.0,117.0,71.0,51.0,33,31,0
1993,1117,2533,100.0,51.0,71.0,51.0,84,33,0
and,1217,2533,78.0,100.0,71.0,51.0,65,34,0
"43,929,827",1295,2533,938.0,78.0,71.0,51.0,206,38,0
shares,359,2582,118.0,938.0,71.0,71.0,103,34,0
in,477,2582,52.0,118.0,111.0,71.0,33,31,0
1992),529,2582,1411.0,52.0,111.0,71.0,97,40,0
"(2,348)",1940,2582,250.0,1411.0,111.0,71.0,127,41,0
"(2,029)",2190,2582,1931.0,250.0,111.0,71.0,127,40,0
Reserve,260,2632,146.0,1931.0,111.0,111.0,132,33,0
for,406,2632,63.0,146.0,52.0,111.0,50,35,0
ESOP,469,2632,123.0,63.0,52.0,111.0,109,32,0
debt,592,2632,91.0,123.0,52.0,111.0,78,36,0
retirement,683,2632,1292.0,91.0,52.0,111.0,184,32,0
(218),1975,2632,249.0,1292.0,52.0,111.0,92,41,0
(233),2224,2632,1968.0,249.0,52.0,111.0,92,40,0
Accumulated,257,2683,249.0,1968.0,52.0,52.0,236,35,0
currency,506,2683,165.0,249.0,50.0,52.0,153,31,0
adjustment,671,2683,1327.0,165.0,50.0,52.0,198,45,0
(59),1998,2683,266.0,1327.0,50.0,52.0,68,40,0
15,2264,2683,2004.0,266.0,50.0,52.0,38,33,0
Reinvested,261,2732,203.0,2004.0,50.0,50.0,190,35,0
earnings,464,2732,1489.0,203.0,67.0,50.0,145,43,0
"4,325",1953,2732,249.0,1489.0,67.0,50.0,100,39,0
"4,103",2202,2732,1944.0,249.0,67.0,50.0,101,38,0
TOTAL,260,2798,133.0,1944.0,67.0,67.0,118,26,0
SHAREOWNERS',393,2798,324.0,133.0,60.0,67.0,305,27,0
EQUITY,717,2798,1236.0,324.0,60.0,67.0,137,28,0
"2,855",1953,2798,250.0,1236.0,60.0,67.0,99,36,0
"3,005",2203,2798,1945.0,250.0,60.0,67.0,99,36,0
TOTAL,259,2857,136.0,1945.0,60.0,60.0,119,25,0
LIABILITIES,395,2857,241.0,136.0,74.0,60.0,225,24,0
AND,636,2857,94.0,241.0,74.0,60.0,78,21,0
SHAREOWNERS',730,2857,323.0,94.0,74.0,60.0,304,26,0
EQUITY,1053,2857,863.0,323.0,74.0,60.0,137,29,0
$,1916,2857,38.0,863.0,74.0,60.0,18,39,0
"8,640",1954,2857,211.0,38.0,74.0,60.0,100,38,0
$,2165,2857,38.0,211.0,74.0,60.0,19,38,0
"9,085",2203,2857,1941.0,38.0,74.0,60.0,99,35,0
7he,264,2930,54.0,1941.0,74.0,74.0,44,24,0
above,318,2930,78.0,54.0,38.0,74.0,69,24,0
statement,396,2930,126.0,78.0,38.0,74.0,117,17,0
should,522,2930,89.0,126.0,38.0,74.0,80,24,0
be,611,2930,36.0,89.0,38.0,74.0,25,24,0
read,647,2930,62.0,36.0,38.0,74.0,54,24,0
in,709,2930,35.0,62.0,38.0,74.0,23,22,0
conjunction,744,2930,153.0,35.0,38.0,74.0,141,31,0
with,897,2930,61.0,153.0,38.0,74.0,54,24,0
pages,958,2930,76.0,61.0,38.0,74.0,65,24,0
43,1034,2930,43.0,76.0,38.0,74.0,31,25,0
through,1077,2930,107.0,43.0,38.0,74.0,94,33,0
5!,1184,2930,39.0,107.0,38.0,74.0,26,23,0
of,1223,2930,32.0,39.0,38.0,74.0,29,32,0
this,1255,2930,52.0,32.0,38.0,74.0,41,24,0
report.,1307,2930,1046.0,52.0,38.0,74.0,76,24,0
ESOP,262,2967,84.0,1046.0,38.0,38.0,77,23,0
stands,346,2967,79.0,84.0,625.0,38.0,75,23,0
for,425,2967,48.0,79.0,625.0,38.0,40,33,0
Employee,473,2967,124.0,48.0,625.0,38.0,115,32,0
Stock,597,2967,76.0,124.0,625.0,38.0,65,25,0
Ownership,673,2967,143.0,76.0,625.0,38.0,131,32,0
Plan.,816,2967,158.0,143.0,625.0,38.0,61,24,0
MONSANTO,869,3115,230.0,158.0,625.0,625.0,199,19,0
1993,1099,3115,456.0,230.0,510.0,625.0,88,19,0
REPORT,1555,3115,178.0,456.0,510.0,625.0,144,18,0
ANNUAL,1378,3116,0,178.0,510.0,510.0,152,18,0
