word,x,y,x+1 dist,x-1 dist,y+1 dist,y-1 dist,width,height,table
Balance,195,399,363.0,0,66.0,0,177,32,0
TRW,558,399,71.0,363.0,66.0,0,60,25,0
Inc.,629,399,50.0,71.0,66.0,0,39,25,0
and,679,399,53.0,50.0,66.0,0,43,25,0
subsidiaries,732,399,542.0,53.0,66.0,0,147,26,0
Sheets,195,465,365.0,542.0,66.0,66.0,132,33,0
In,560,465,30.0,365.0,371.0,66.0,19,25,0
millions,590,465,70.0,30.0,371.0,66.0,94,25,0
December,560,528,132.0,70.0,371.0,371.0,123,26,0
31,692,528,1158.0,132.0,112.0,371.0,24,25,0
1993,1850,528,381.0,1158.0,112.0,371.0,57,25,0
1992,2231,528,1677.0,381.0,112.0,371.0,57,25,0
Assets,558,639,49.0,1677.0,112.0,112.0,103,29,0
Current,559,687,111.0,49.0,49.0,49.0,100,30,0
assets,670,687,107.0,111.0,52.0,49.0,87,25,0
Cash,576,736,77.0,107.0,52.0,52.0,65,30,0
and,653,736,60.0,77.0,51.0,52.0,48,28,0
cash,713,736,72.0,60.0,51.0,52.0,61,28,0
equivalents,785,736,1025.0,72.0,51.0,52.0,158,35,0
$,1810,736,65.0,1025.0,51.0,52.0,17,32,0
79,1875,736,319.0,65.0,51.0,52.0,32,28,0
$,2194,736,62.0,319.0,51.0,52.0,14,33,0
66,2256,736,1682.0,62.0,51.0,52.0,31,28,0
Accounts,575,786,139.0,1682.0,51.0,51.0,126,28,0
receivable,714,786,1120.0,139.0,50.0,51.0,139,28,0
"1,219",1834,786,381.0,1120.0,50.0,51.0,73,33,0
"1,289",2215,786,1639.0,381.0,50.0,51.0,73,31,0
Inventories,577,835,52.0,1639.0,50.0,50.0,150,28,0
Finished,594,884,123.0,52.0,52.0,52.0,111,28,0
products,717,884,128.0,123.0,49.0,52.0,117,35,0
and,845,884,59.0,128.0,49.0,52.0,48,28,0
work,904,884,80.0,59.0,49.0,52.0,68,28,0
in,984,884,33.0,80.0,49.0,52.0,20,28,0
process,1017,884,841.0,33.0,49.0,52.0,103,27,0
237,1858,884,380.0,841.0,49.0,52.0,48,28,0
263,2238,884,1646.0,380.0,49.0,52.0,49,28,0
Raw,593,932,71.0,1646.0,49.0,49.0,60,29,0
materials,664,932,138.0,71.0,69.0,49.0,127,29,0
and,802,932,61.0,138.0,69.0,49.0,49,28,0
supplies,863,932,997.0,61.0,69.0,49.0,112,35,0
173,1860,932,380.0,997.0,69.0,49.0,47,28,0
159,2240,932,1667.0,380.0,69.0,49.0,47,27,0
Total,575,998,78.0,1667.0,69.0,69.0,64,28,0
inventories,653,998,1204.0,78.0,49.0,69.0,150,28,0
410,1857,998,381.0,1204.0,49.0,69.0,50,28,0
422,2238,998,1663.0,381.0,49.0,69.0,48,27,0
Prepaid,576,1046,113.0,1663.0,49.0,49.0,101,36,0
expenses,689,1046,1186.0,113.0,49.0,49.0,127,27,0
69,1875,1046,381.0,1186.0,49.0,49.0,32,28,0
69,2256,1046,1681.0,381.0,49.0,49.0,31,27,0
Deferred,576,1095,131.0,1681.0,49.0,49.0,118,28,0
income,707,1095,107.0,131.0,68.0,49.0,96,28,0
taxes,814,1095,1043.0,107.0,68.0,49.0,73,24,0
217,1857,1095,381.0,1043.0,68.0,49.0,48,27,0
270,2238,1095,1683.0,381.0,68.0,49.0,49,28,0
Total,557,1160,77.0,1683.0,68.0,68.0,65,29,0
current,634,1160,107.0,77.0,116.0,68.0,97,25,0
assets,741,1160,1092.0,107.0,116.0,68.0,87,25,0
"1,994",1833,1160,380.0,1092.0,116.0,68.0,74,33,0
"2,116",2213,1160,1658.0,380.0,116.0,68.0,74,31,0
"Property,",559,1275,130.0,1658.0,116.0,116.0,118,35,0
plant,689,1275,79.0,130.0,52.0,116.0,68,35,0
and,768,1275,60.0,79.0,52.0,116.0,48,29,0
equipment-on,828,1275,200.0,60.0,52.0,116.0,189,36,0
the,1028,1275,55.0,200.0,52.0,116.0,43,28,0
basis,1083,1275,81.0,55.0,52.0,116.0,69,28,0
of,1164,1275,36.0,81.0,52.0,116.0,26,28,0
cost,1200,1275,626.0,36.0,52.0,116.0,56,24,0
Land,576,1324,1283.0,626.0,52.0,52.0,62,28,0
104,1859,1324,396.0,1283.0,49.0,52.0,48,28,0
96,2255,1324,1680.0,396.0,49.0,52.0,32,28,0
Buildings,576,1373,1257.0,1680.0,49.0,49.0,124,35,0
"1,461",1833,1373,381.0,1257.0,48.0,49.0,68,32,0
"1,442",2214,1373,1639.0,381.0,48.0,49.0,72,31,0
Machinery,576,1421,155.0,1639.0,48.0,48.0,144,35,0
and,731,1421,60.0,155.0,1258.0,48.0,48,28,0
equipment,791,1421,1040.0,60.0,1258.0,48.0,146,35,0
"3,555",1831,1421,381.0,1040.0,1258.0,48.0,75,32,0
"3,514",2212,1421,386.0,381.0,1258.0,48.0,75,31,0
"5,120",1832,1488,381.0,386.0,1258.0,1258.0,74,32,0
"5,052",2213,1488,1638.0,381.0,1257.0,1258.0,73,31,0
Less,576,1536,69.0,1638.0,1257.0,1257.0,58,28,0
accumulated,645,1536,186.0,69.0,68.0,1257.0,174,28,0
depreciation,831,1536,183.0,186.0,68.0,1257.0,171,35,0
and,1014,1536,60.0,183.0,68.0,1257.0,47,28,0
amortization,1074,1536,757.0,60.0,68.0,1257.0,170,29,0
"2,793",1831,1536,381.0,757.0,68.0,1257.0,75,32,0
"2,741",2212,1536,1657.0,381.0,68.0,1257.0,70,31,0
Total,557,1601,78.0,1657.0,68.0,68.0,64,28,0
"property,",635,1601,130.0,78.0,115.0,68.0,117,31,0
plant,765,1601,79.0,130.0,115.0,68.0,68,35,0
and,844,1601,60.0,79.0,115.0,68.0,48,28,0
equipment-net,904,1601,927.0,60.0,115.0,68.0,201,36,0
"2,327",1831,1601,381.0,927.0,115.0,68.0,74,32,0
"2,311",2212,1601,1656.0,381.0,115.0,68.0,70,32,0
Intangible,560,1715,146.0,1656.0,115.0,115.0,134,36,0
assets,706,1715,138.0,146.0,52.0,115.0,87,24,0
Intangibles,577,1764,161.0,138.0,52.0,52.0,149,36,0
arising,738,1764,102.0,161.0,49.0,52.0,91,36,0
from,840,1764,73.0,102.0,49.0,52.0,61,29,0
acquisitions,913,1764,944.0,73.0,49.0,52.0,165,35,0
499,1857,1764,382.0,944.0,49.0,52.0,50,28,0
552,2239,1764,1664.0,382.0,49.0,52.0,48,28,0
Capitalized,576,1812,162.0,1664.0,49.0,49.0,150,36,0
data,738,1812,70.0,162.0,49.0,49.0,58,28,0
files,808,1812,1049.0,70.0,49.0,49.0,58,28,0
421,1857,1812,381.0,1049.0,49.0,49.0,45,28,0
418,2238,1812,1663.0,381.0,49.0,49.0,49,28,0
Other,576,1861,1298.0,1663.0,49.0,49.0,75,29,0
36,1874,1861,381.0,1298.0,1283.0,49.0,32,28,0
46,2255,1861,404.0,381.0,1283.0,49.0,32,28,0
956,1857,1928,358.0,404.0,1283.0,1283.0,49,28,0
"1,016",2215,1928,1640.0,358.0,1282.0,1283.0,72,31,0
Less,576,1976,70.0,1640.0,1282.0,1282.0,58,28,0
accumulated,646,1976,186.0,70.0,68.0,1282.0,174,28,0
amortization,832,1976,1026.0,186.0,68.0,1282.0,170,28,0
279,1858,1976,380.0,1026.0,68.0,1282.0,48,28,0
299,2238,1976,1683.0,380.0,68.0,1282.0,49,27,0
Total,557,2041,79.0,1683.0,68.0,68.0,65,28,0
intangible,636,2041,146.0,79.0,98.0,68.0,134,35,0
assets-net,782,2041,1075.0,146.0,98.0,68.0,143,25,0
677,1857,2041,381.0,1075.0,98.0,68.0,49,27,0
717,2238,2041,1682.0,381.0,98.0,68.0,48,26,0
Other,559,2138,84.0,1682.0,98.0,98.0,74,29,0
assets,643,2138,1214.0,84.0,1252.0,98.0,88,24,0
338,1857,2138,381.0,1214.0,1252.0,98.0,49,28,0
314,2238,2138,435.0,381.0,1252.0,98.0,49,28,0
"$5,336",1809,2204,384.0,435.0,1252.0,1252.0,97,34,0
"$5,458",2193,2204,2300.0,384.0,1959.0,1252.0,94,34,0
2,108,3174,27.0,2300.0,1959.0,1959.0,18,21,0
1,135,3174,0,27.0,,1959.0,9,21,0
