word,x,y,x+1 dist,x-1 dist,y+1 dist,y-1 dist,width,height,table
Statements,202,397,359.0,0,66.0,0,238,32,0
TRW,561,397,70.0,359.0,66.0,0,60,25,0
Inc.,631,397,50.0,70.0,66.0,0,39,26,0
and,681,397,54.0,50.0,66.0,0,43,26,0
subsidiaries,735,397,535.0,54.0,66.0,0,147,25,0
of,204,462,57.0,535.0,66.0,66.0,48,44,0
Cash,261,462,119.0,57.0,364.0,66.0,104,32,0
Flows,380,462,182.0,119.0,364.0,66.0,123,33,0
In,562,462,30.0,182.0,364.0,66.0,20,25,0
millions,592,462,70.0,30.0,364.0,66.0,96,26,0
Years,562,525,77.0,70.0,364.0,364.0,67,26,0
ended,639,525,85.0,77.0,112.0,364.0,73,26,0
December,724,525,132.0,85.0,112.0,364.0,123,25,0
31,856,525,656.0,132.0,112.0,364.0,24,25,0
1993,1512,525,359.0,656.0,112.0,364.0,58,25,0
1992,1871,525,359.0,359.0,112.0,364.0,57,25,0
1991,2230,525,1671.0,359.0,112.0,364.0,52,25,0
Operating,563,636,162.0,1671.0,112.0,112.0,150,37,0
activities,725,636,153.0,162.0,51.0,112.0,143,28,0
Net,580,684,59.0,153.0,51.0,51.0,49,29,0
earnings(loss),639,684,841.0,59.0,50.0,51.0,190,36,0
$,1480,684,42.0,841.0,50.0,51.0,17,32,0
195,1522,684,322.0,42.0,50.0,51.0,47,28,0
$,1844,684,26.0,322.0,50.0,51.0,15,33,0
(156),1870,684,333.0,26.0,50.0,51.0,66,34,0
$,2203,684,25.0,333.0,50.0,51.0,15,33,0
(140),2228,684,1651.0,25.0,50.0,51.0,67,34,0
Adjustments,578,733,184.0,1651.0,50.0,50.0,173,36,0
to,762,733,38.0,184.0,53.0,50.0,26,25,0
reconcile,800,733,135.0,38.0,53.0,50.0,123,29,0
net,935,733,53.0,135.0,53.0,50.0,42,24,0
earnings(loss),988,733,200.0,53.0,53.0,50.0,190,36,0
to,1188,733,595.0,200.0,53.0,50.0,26,25,0
net,596,782,53.0,595.0,53.0,53.0,43,24,0
cash,649,782,74.0,53.0,52.0,53.0,61,29,0
provided,723,782,128.0,74.0,52.0,53.0,116,35,0
by,851,782,41.0,128.0,52.0,53.0,30,36,0
operating,892,782,140.0,41.0,52.0,53.0,129,35,0
activities:,1032,782,422.0,140.0,52.0,53.0,131,28,0
Cumulative,613,831,165.0,422.0,52.0,52.0,153,29,0
effect,778,831,90.0,165.0,49.0,52.0,79,29,0
of,868,831,36.0,90.0,49.0,52.0,26,29,0
accounting,904,831,160.0,36.0,49.0,52.0,148,35,0
"changes,",1064,831,134.0,160.0,49.0,52.0,121,35,0
net,1198,831,53.0,134.0,49.0,52.0,42,24,0
of,1251,831,35.0,53.0,49.0,52.0,26,30,0
taxes,1286,831,251.0,35.0,49.0,52.0,73,25,0
25,1537,831,341.0,251.0,49.0,52.0,31,29,0
350,1878,831,390.0,341.0,49.0,52.0,49,28,0
,2268,831,1655.0,390.0,49.0,52.0,19,3,0
Depreciation,614,879,185.0,1655.0,49.0,49.0,173,37,0
and,799,879,60.0,185.0,50.0,49.0,48,28,0
amortization,859,879,660.0,60.0,50.0,49.0,170,29,0
458,1519,879,359.0,660.0,50.0,49.0,49,28,0
481,1878,879,359.0,359.0,50.0,49.0,44,28,0
469,2237,879,1625.0,359.0,50.0,49.0,49,28,0
Restructuring,613,928,913.0,1625.0,50.0,50.0,183,36,0
(61),1526,928,360.0,913.0,50.0,50.0,53,34,0
(96),1886,928,351.0,360.0,50.0,50.0,50,34,0
227,2237,928,1624.0,351.0,50.0,50.0,48,27,0
Deferred,614,977,130.0,1624.0,50.0,50.0,117,29,0
income,744,977,107.0,130.0,50.0,50.0,97,29,0
taxes,851,977,685.0,107.0,50.0,50.0,73,25,0
49,1536,977,377.0,685.0,50.0,50.0,32,28,0
5,1913,977,341.0,377.0,50.0,50.0,14,27,0
27,2254,977,1642.0,341.0,50.0,50.0,31,28,0
Other-net,613,1026,925.0,1642.0,50.0,50.0,129,29,0
12,1538,1026,357.0,925.0,59.0,50.0,30,27,0
25,1895,1026,359.0,357.0,59.0,50.0,32,28,0
47,2254,1026,1676.0,359.0,59.0,50.0,31,27,0
Changes,579,1074,130.0,1676.0,59.0,59.0,117,36,0
in,709,1074,32.0,130.0,52.0,59.0,20,28,0
assets,741,1074,99.0,32.0,52.0,59.0,88,25,0
and,840,1074,61.0,99.0,52.0,59.0,48,28,0
"liabilities,",901,1074,145.0,61.0,52.0,59.0,132,32,0
net,1046,1074,53.0,145.0,52.0,59.0,42,25,0
of,1099,1074,506.0,53.0,52.0,59.0,26,29,0
effects,596,1123,105.0,506.0,52.0,52.0,93,28,0
of,701,1123,37.0,105.0,52.0,52.0,26,28,0
businesses,738,1123,162.0,37.0,52.0,52.0,150,29,0
acquired,900,1123,129.0,162.0,52.0,52.0,116,35,0
or,1029,1123,36.0,129.0,52.0,52.0,26,20,0
sold:,1065,1123,456.0,36.0,52.0,52.0,62,28,0
Accounts,612,1172,139.0,456.0,52.0,52.0,126,28,0
receivable,751,1172,776.0,139.0,50.0,52.0,140,29,0
(46),1527,1172,343.0,776.0,50.0,52.0,52,33,0
(104),1870,1172,376.0,343.0,50.0,52.0,66,34,0
(56),2246,1172,1633.0,376.0,50.0,52.0,49,34,0
Inventories,614,1221,161.0,1633.0,50.0,50.0,150,29,0
and,775,1221,61.0,161.0,50.0,50.0,49,29,0
prepaid,836,1221,113.0,61.0,50.0,50.0,101,35,0
expenses,949,1221,595.0,113.0,50.0,50.0,127,27,0
(5),1544,1221,343.0,595.0,50.0,50.0,35,34,0
(46),1887,1221,367.0,343.0,50.0,50.0,49,34,0
22,2254,1221,1643.0,367.0,50.0,50.0,31,28,0
Accounts,612,1270,138.0,1643.0,50.0,50.0,126,28,0
payable,750,1270,117.0,138.0,50.0,50.0,106,35,0
and,867,1270,60.0,117.0,50.0,50.0,48,29,0
other,927,1270,82.0,60.0,50.0,50.0,72,29,0
accruals,1009,1270,500.0,82.0,50.0,50.0,112,28,0
(107),1509,1270,369.0,500.0,50.0,50.0,69,33,0
227,1878,1270,376.0,369.0,50.0,50.0,48,28,0
30,2254,1270,1642.0,376.0,50.0,50.0,32,28,0
Other-net,613,1319,913.0,1642.0,50.0,50.0,129,29,0
(30),1526,1319,360.0,913.0,83.0,50.0,52,33,0
(42),1886,1319,359.0,360.0,83.0,50.0,49,33,0
(14),2245,1319,1685.0,359.0,83.0,50.0,50,33,0
Net,562,1384,59.0,1685.0,83.0,83.0,48,28,0
cash,621,1384,73.0,59.0,98.0,83.0,61,28,0
provided,694,1384,129.0,73.0,98.0,83.0,116,35,0
by,823,1384,40.0,129.0,98.0,83.0,29,35,0
operating,863,1384,141.0,40.0,98.0,83.0,129,35,0
activities,1004,1384,514.0,141.0,98.0,83.0,124,28,0
490,1518,1384,360.0,514.0,98.0,83.0,50,28,0
644,1878,1384,359.0,360.0,98.0,83.0,49,28,0
612,2237,1384,1678.0,359.0,98.0,83.0,48,28,0
Investing,562,1482,151.0,1678.0,98.0,98.0,139,36,0
activities,713,1482,144.0,151.0,51.0,98.0,143,28,0
Capital,578,1530,107.0,144.0,51.0,51.0,94,35,0
expenditures,685,1530,824.0,107.0,49.0,51.0,177,36,0
(482),1509,1530,360.0,824.0,49.0,51.0,69,34,0
(530),1869,1530,359.0,360.0,49.0,51.0,66,34,0
(537),2228,1530,1651.0,359.0,49.0,51.0,66,34,0
Proceeds,578,1579,134.0,1651.0,49.0,49.0,123,29,0
from,712,1579,73.0,134.0,50.0,49.0,61,28,0
divestitures,785,1579,751.0,73.0,50.0,49.0,160,29,0
97,1536,1579,342.0,751.0,50.0,49.0,31,28,0
371,1878,1579,376.0,342.0,50.0,49.0,43,28,0
52,2254,1579,1676.0,376.0,50.0,49.0,31,27,0
Investments,579,1628,178.0,1676.0,50.0,50.0,166,28,0
in,757,1628,33.0,178.0,48.0,50.0,21,28,0
other,790,1628,81.0,33.0,48.0,50.0,71,28,0
assets,871,1628,655.0,81.0,48.0,50.0,88,25,0
(51),1526,1628,360.0,655.0,48.0,50.0,52,33,0
(62),1886,1628,359.0,360.0,48.0,50.0,50,33,0
(95),2245,1628,1667.0,359.0,48.0,50.0,50,33,0
Proceeds,579,1676,134.0,1667.0,48.0,48.0,123,29,0
from,713,1676,74.0,134.0,49.0,48.0,61,29,0
sales,787,1676,81.0,74.0,49.0,48.0,69,28,0
of,868,1676,37.0,81.0,49.0,48.0,26,28,0
"property,",905,1676,131.0,37.0,49.0,48.0,118,32,0
plant,1036,1676,78.0,131.0,49.0,48.0,68,36,0
and,1114,1676,60.0,78.0,49.0,48.0,48,28,0
equipment,1174,1676,363.0,60.0,49.0,48.0,146,35,0
24,1537,1676,360.0,363.0,49.0,48.0,32,28,0
11,1897,1676,358.0,360.0,49.0,48.0,25,27,0
51,2255,1676,1677.0,358.0,49.0,48.0,26,28,0
Other-net,579,1725,947.0,1677.0,49.0,49.0,129,29,0
(11),1526,1725,371.0,947.0,69.0,49.0,53,34,0
11,1897,1725,348.0,371.0,69.0,49.0,25,27,0
(25),2245,1725,1685.0,348.0,69.0,49.0,50,34,0
Net,562,1791,59.0,1685.0,69.0,69.0,49,28,0
cash,621,1791,74.0,59.0,98.0,69.0,61,28,0
used,695,1791,75.0,74.0,98.0,69.0,62,28,0
in,770,1791,35.0,75.0,98.0,69.0,21,28,0
investing,805,1791,133.0,35.0,98.0,69.0,121,36,0
activities,938,1791,571.0,133.0,98.0,69.0,124,28,0
(423),1509,1791,360.0,571.0,98.0,69.0,70,34,0
(199),1869,1791,359.0,360.0,98.0,69.0,67,34,0
(554),2228,1791,1669.0,359.0,98.0,69.0,67,34,0
Financing,562,1889,162.0,1669.0,98.0,98.0,150,35,0
activities,724,1889,153.0,162.0,50.0,98.0,143,28,0
Increase(decrease),579,1936,271.0,153.0,50.0,50.0,258,34,0
in,850,1936,33.0,271.0,50.0,50.0,20,28,0
short-term,883,1936,153.0,33.0,50.0,50.0,141,28,0
debt,1036,1936,485.0,153.0,50.0,50.0,60,28,0
104,1521,1936,348.0,485.0,50.0,50.0,48,28,0
(229),1869,1936,385.0,348.0,50.0,50.0,66,34,0
69,2254,1936,1676.0,385.0,50.0,50.0,32,28,0
Proceeds,579,1986,133.0,1676.0,50.0,50.0,122,29,0
from,712,1986,74.0,133.0,48.0,50.0,62,28,0
debt,786,1986,72.0,74.0,48.0,50.0,60,28,0
in,858,1986,33.0,72.0,48.0,50.0,21,28,0
excess,891,1986,103.0,33.0,48.0,50.0,91,21,0
of,994,1986,36.0,103.0,48.0,50.0,26,28,0
90,1030,1986,42.0,36.0,48.0,50.0,31,28,0
days,1072,1986,447.0,42.0,48.0,50.0,62,35,0
255,1519,1986,361.0,447.0,48.0,50.0,49,28,0
198,1880,1986,356.0,361.0,48.0,50.0,46,28,0
462,2236,1986,1658.0,356.0,48.0,50.0,49,28,0
Principal,579,2034,128.0,1658.0,48.0,48.0,115,37,0
payments,707,2034,143.0,128.0,49.0,48.0,131,31,0
on,850,2034,43.0,143.0,49.0,48.0,31,20,0
debt,893,2034,72.0,43.0,49.0,48.0,60,28,0
in,965,2034,33.0,72.0,49.0,48.0,21,28,0
excess,998,2034,103.0,33.0,49.0,48.0,91,21,0
of,1101,2034,36.0,103.0,49.0,48.0,25,28,0
90,1137,2034,43.0,36.0,49.0,48.0,31,28,0
days,1180,2034,329.0,43.0,49.0,48.0,61,35,0
(344),1509,2034,360.0,329.0,49.0,48.0,69,34,0
(351),1869,2034,359.0,360.0,49.0,48.0,66,34,0
(495),2228,2034,1650.0,359.0,49.0,48.0,66,34,0
Dividends,579,2083,145.0,1650.0,49.0,49.0,133,29,0
paid,724,2083,785.0,145.0,49.0,49.0,56,35,0
(120),1509,2083,360.0,785.0,49.0,49.0,69,34,0
(114),1869,2083,358.0,360.0,49.0,49.0,66,34,0
(111),2227,2083,1649.0,358.0,49.0,49.0,67,34,0
Other-net,579,2132,956.0,1649.0,49.0,49.0,128,30,0
33,1535,2132,362.0,956.0,69.0,49.0,32,28,0
18,1897,2132,374.0,362.0,69.0,49.0,29,27,0
4,2271,2132,1711.0,374.0,69.0,49.0,15,27,0
Net,562,2198,59.0,1711.0,69.0,69.0,48,28,0
cash,621,2198,73.0,59.0,50.0,69.0,60,28,0
used,694,2198,76.0,73.0,50.0,69.0,62,28,0
in,770,2198,32.0,76.0,50.0,69.0,20,28,0
financing,802,2198,138.0,32.0,50.0,69.0,125,36,0
activities,940,2198,586.0,138.0,50.0,69.0,123,28,0
(72),1526,2198,343.0,586.0,50.0,69.0,52,33,0
(478),1869,2198,376.0,343.0,50.0,69.0,66,34,0
(71),2245,2198,1683.0,376.0,50.0,69.0,49,33,0
Effect,563,2247,89.0,1683.0,50.0,50.0,78,29,0
of,652,2247,36.0,89.0,64.0,50.0,25,29,0
exchange,688,2247,142.0,36.0,64.0,50.0,130,35,0
rate,830,2247,63.0,142.0,64.0,50.0,52,24,0
changes,893,2247,125.0,63.0,64.0,50.0,113,36,0
on,1018,2247,42.0,125.0,64.0,50.0,30,21,0
cash,1060,2247,479.0,42.0,64.0,50.0,61,28,0
18,1539,2247,357.0,479.0,64.0,50.0,29,27,0
24,1896,2247,361.0,357.0,64.0,50.0,31,27,0
16,2257,2247,1696.0,361.0,64.0,50.0,29,28,0
Increase(decrease),563,2311,270.0,1696.0,64.0,64.0,257,35,0
in,833,2311,32.0,270.0,51.0,64.0,20,28,0
cash,865,2311,73.0,32.0,51.0,64.0,61,28,0
and,938,2311,60.0,73.0,51.0,64.0,48,28,0
cash,998,2311,73.0,60.0,51.0,64.0,61,28,0
equivalents,1071,2311,468.0,73.0,51.0,64.0,157,35,0
13,1539,2311,365.0,468.0,51.0,64.0,29,28,0
(9),1904,2311,368.0,365.0,51.0,64.0,32,34,0
3,2272,2311,1711.0,368.0,51.0,64.0,13,27,0
Cash,562,2361,76.0,1711.0,51.0,51.0,64,29,0
and,638,2361,60.0,76.0,65.0,51.0,48,28,0
cash,698,2361,73.0,60.0,65.0,51.0,61,28,0
equivalents,771,2361,169.0,73.0,65.0,51.0,158,35,0
at,940,2361,37.0,169.0,65.0,51.0,26,24,0
beginning,977,2361,145.0,37.0,65.0,51.0,133,35,0
of,1122,2361,36.0,145.0,65.0,51.0,26,28,0
year,1158,2361,378.0,36.0,65.0,51.0,59,27,0
66,1536,2361,359.0,378.0,65.0,51.0,32,27,0
75,1895,2361,359.0,359.0,65.0,51.0,32,27,0
72,2254,2361,1694.0,359.0,65.0,51.0,31,28,0
Cash,562,2426,76.0,1694.0,65.0,65.0,64,29,0
and,638,2426,60.0,76.0,64.0,65.0,48,28,0
cash,698,2426,73.0,60.0,64.0,65.0,61,28,0
equivalents,771,2426,169.0,73.0,64.0,65.0,157,35,0
at,940,2426,37.0,169.0,64.0,65.0,26,24,0
end,977,2426,60.0,37.0,64.0,65.0,47,28,0
of,1037,2426,35.0,60.0,64.0,65.0,25,28,0
year,1072,2426,408.0,35.0,64.0,65.0,59,27,0
$,1480,2426,56.0,408.0,64.0,65.0,17,32,0
79,1536,2426,308.0,56.0,64.0,65.0,32,28,0
$,1844,2426,51.0,308.0,64.0,65.0,15,33,0
66,1895,2426,308.0,51.0,64.0,65.0,32,28,0
$,2203,2426,51.0,308.0,64.0,65.0,14,33,0
75,2254,2426,1694.0,51.0,64.0,65.0,32,28,0
See,562,2490,55.0,1694.0,64.0,64.0,44,25,0
notes,617,2490,75.0,55.0,815.0,64.0,65,21,0
to,692,2490,33.0,75.0,815.0,64.0,23,22,0
financial,725,2490,115.0,33.0,815.0,64.0,104,26,0
statements.,840,2490,995.0,115.0,815.0,64.0,143,22,0
26,113,3169,0,995.0,815.0,815.0,36,21,0
