word,x,y,x+1 dist,x-1 dist,y+1 dist,y-1 dist,width,height,table
"07,",2245,130,1349.0,0,1349.0,0,151,81,0
ANNOUNCED,923,396,185.0,1349.0,1349.0,1349.0,162,26,0
UNITED,1108,396,132.0,185.0,533.0,1349.0,108,25,0
STATES,1240,396,130.0,132.0,533.0,1349.0,107,25,0
NUCLEAR,1370,396,148.0,130.0,533.0,1349.0,125,25,0
TESTS,1518,396,112.0,148.0,533.0,1349.0,88,25,0
-,1630,396,35.0,112.0,533.0,1349.0,12,5,0
BY,1665,396,56.0,35.0,533.0,1349.0,32,23,0
EVENT,1721,396,111.0,56.0,533.0,1349.0,87,24,0
NAME,1832,396,1435.0,111.0,533.0,1349.0,69,25,0
EVENT,402,505,113.0,1435.0,533.0,533.0,87,24,1
NAME,515,505,206.0,113.0,84.0,533.0,67,26,1
DATE(GCT),721,505,333.0,206.0,84.0,533.0,157,33,1
LOCATION,1054,505,354.0,333.0,84.0,533.0,143,27,1
TYPE,1408,505,279.0,354.0,84.0,533.0,68,25,1
PURPOSE,1687,505,318.0,279.0,84.0,533.0,121,27,1
YIELD,2005,505,111.0,318.0,84.0,533.0,87,25,1
RANGE,2116,505,1756.0,111.0,84.0,533.0,89,26,1
WOLVERINE,362,578,361.0,1756.0,84.0,84.0,164,26,1
10/12/62,723,578,238.0,361.0,85.0,84.0,139,29,1
NTS,961,578,429.0,238.0,85.0,84.0,50,25,1
SHAFT,1390,578,220.0,429.0,85.0,84.0,88,24,1
WEAPONS,1610,578,149.0,220.0,85.0,84.0,125,26,1
RELATED,1759,578,225.0,149.0,85.0,84.0,127,25,1
LOW,1984,578,1547.0,225.0,85.0,84.0,52,25,1
MINOR,438,616,114.0,1547.0,85.0,85.0,90,25,1
LEVELS,552,616,130.0,114.0,103.0,85.0,107,26,1
OF,682,616,56.0,130.0,103.0,85.0,32,25,1
RADIOACTIVITY,738,616,260.0,56.0,103.0,85.0,237,26,1
DETECTED,998,616,166.0,260.0,103.0,85.0,144,26,1
ON-SITE,1164,616,150.0,166.0,103.0,85.0,126,26,1
ONLY,1314,616,951.0,150.0,103.0,85.0,70,26,1
WOOL,366,689,355.0,951.0,103.0,103.0,68,27,1
01/14/65,721,689,241.0,355.0,75.0,103.0,142,29,1
NTS,962,689,428.0,241.0,75.0,103.0,49,26,1
SHAFT,1390,689,221.0,428.0,75.0,103.0,88,25,1
WEAPONS,1611,689,149.0,221.0,75.0,103.0,125,25,1
RELATED,1760,689,225.0,149.0,75.0,103.0,126,26,1
LESS,1985,689,94.0,225.0,75.0,103.0,70,25,1
THAN,2079,689,96.0,94.0,75.0,103.0,71,26,1
20,2175,689,56.0,96.0,75.0,103.0,32,24,1
KT,2231,689,1869.0,56.0,75.0,103.0,33,24,1
WORLD,364,763,113.0,1869.0,75.0,75.0,90,24,1
WAR,477,763,80.0,113.0,86.0,75.0,51,24,1
11,557,763,165.0,80.0,86.0,75.0,25,24,1
08/05/45,722,763,239.0,165.0,86.0,75.0,143,28,1
JAPAN,961,763,429.0,239.0,86.0,75.0,88,25,1
AIRDROP,1390,763,222.0,429.0,86.0,75.0,126,26,1
COMBAT,1612,763,376.0,222.0,86.0,75.0,106,26,1
15,1988,763,55.0,376.0,86.0,75.0,30,26,1
KT,2043,763,1604.0,55.0,86.0,75.0,32,25,1
FIRST,440,802,111.0,1604.0,86.0,86.0,88,25,1
COMBAT,551,802,132.0,111.0,107.0,86.0,109,24,1
USE-HIROSHIMA,683,802,328.0,132.0,107.0,86.0,236,26,1
WORLD,364,876,113.0,328.0,107.0,107.0,89,26,1
WAR,477,876,79.0,113.0,88.0,107.0,50,25,1
II,556,876,164.0,79.0,88.0,107.0,26,24,1
08/09/45,720,876,240.0,164.0,88.0,107.0,142,28,1
JAPAN,960,876,428.0,240.0,88.0,107.0,88,25,1
AIRDROP,1388,876,222.0,428.0,88.0,107.0,127,26,1
COMBAT,1610,876,375.0,222.0,88.0,107.0,107,25,1
21,1985,876,57.0,375.0,88.0,107.0,31,24,1
KT,2042,876,1600.0,57.0,88.0,107.0,32,24,1
SECOND,443,914,128.0,1600.0,88.0,88.0,105,26,1
COMBAT,571,914,133.0,128.0,107.0,88.0,107,26,1
USE-NAGASAKI,704,914,346.0,133.0,107.0,88.0,212,25,1
wRANGELL,366,987,359.0,346.0,107.0,107.0,145,26,1
10/22/58,725,987,237.0,359.0,76.0,107.0,139,27,1
NTS,962,987,427.0,237.0,76.0,107.0,49,25,1
BALLOON,1389,987,221.0,427.0,76.0,107.0,126,25,1
WEAPONS,1610,987,149.0,221.0,76.0,107.0,126,25,1
RELATED,1759,987,229.0,149.0,76.0,107.0,127,25,1
115,1988,987,73.0,229.0,76.0,107.0,49,25,1
TONS,2061,987,1695.0,73.0,76.0,107.0,70,26,1
x-RAY,368,1062,355.0,1695.0,76.0,76.0,85,23,1
04/14/48,723,1062,240.0,355.0,75.0,76.0,143,27,1
ENEWETAK,963,1062,428.0,240.0,75.0,76.0,143,25,1
TOWER,1391,1062,221.0,428.0,75.0,76.0,87,25,1
WEAPONS,1612,1062,149.0,221.0,75.0,76.0,125,25,1
RELATED,1761,1062,227.0,149.0,75.0,76.0,126,25,1
37,1988,1062,55.0,227.0,75.0,76.0,30,25,1
KT,2043,1062,1676.0,55.0,75.0,76.0,32,24,1
YANKEE,369,1136,352.0,1676.0,75.0,75.0,103,25,1
05/04/54,721,1136,240.0,352.0,73.0,75.0,143,28,1
BIKINI,961,1136,429.0,240.0,73.0,75.0,103,26,1
BARGE,1390,1136,222.0,429.0,73.0,75.0,86,25,1
WEAPONS,1612,1136,148.0,222.0,73.0,75.0,124,25,1
RELATED,1760,1136,228.0,148.0,73.0,75.0,127,25,1
13.5,1988,1136,92.0,228.0,73.0,75.0,68,25,1
MT,2080,1136,1711.0,92.0,73.0,75.0,33,23,1
+ANNIGAN,371,1208,351.0,1711.0,73.0,73.0,141,25,1
02/26/70,722,1208,240.0,351.0,76.0,73.0,143,28,1
NTS,962,1208,429.0,240.0,76.0,73.0,50,24,1
SHAFT,1391,1208,221.0,429.0,76.0,73.0,87,24,1
WEAPONS,1612,1208,148.0,221.0,76.0,73.0,125,25,1
RELATED,1760,1208,228.0,148.0,76.0,73.0,126,25,1
20,1988,1208,54.0,228.0,76.0,73.0,31,25,1
TO,2042,1208,60.0,54.0,76.0,73.0,34,24,1
200,2102,1208,74.0,60.0,76.0,73.0,50,26,1
KT,2176,1208,1809.0,74.0,76.0,73.0,31,24,1
yARD,369,1283,353.0,1809.0,76.0,76.0,67,25,1
09/07/67,722,1283,240.0,353.0,74.0,76.0,141,27,1
NTS,962,1283,428.0,240.0,74.0,76.0,49,24,1
SHAFT,1390,1283,222.0,428.0,74.0,76.0,88,25,1
WEAPONS,1612,1283,147.0,222.0,74.0,76.0,124,25,1
RELATED,1759,1283,227.0,147.0,74.0,76.0,127,24,1
20,1986,1283,56.0,227.0,74.0,76.0,34,25,1
TO,2042,1283,58.0,56.0,74.0,76.0,34,25,1
200,2100,1283,75.0,58.0,74.0,76.0,52,25,1
KT,2175,1283,1807.0,75.0,74.0,76.0,32,24,1
YELLOWWOOD,370,1356,353.0,1807.0,74.0,74.0,179,26,1
05/26/58,723,1356,239.0,353.0,75.0,74.0,143,28,1
ENEWETAK,962,1356,429.0,239.0,75.0,74.0,144,25,1
BARGE,1391,1356,221.0,429.0,75.0,74.0,87,25,1
WEAPONS,1612,1356,148.0,221.0,75.0,74.0,125,25,1
RELATED,1760,1356,1393.0,148.0,75.0,74.0,126,25,1
YESO,369,1430,353.0,1393.0,75.0,75.0,68,26,1
06/10/62,722,1430,238.0,353.0,83.0,75.0,143,27,1
CHRISTMAS,960,1430,191.0,238.0,83.0,75.0,162,26,1
/SL,1151,1430,70.0,191.0,83.0,75.0,46,25,1
AREA,1221,1430,168.0,70.0,83.0,75.0,71,25,1
AIRDROP,1389,1430,223.0,168.0,83.0,75.0,127,26,1
WEAPONS,1612,1430,148.0,223.0,83.0,75.0,125,25,1
RELATED,1760,1430,226.0,148.0,83.0,75.0,127,25,1
LOW,1986,1430,74.0,226.0,83.0,75.0,52,26,1
MEGATON,2060,1430,1619.0,74.0,83.0,75.0,129,25,1
OPERATION,442,1469,187.0,1619.0,83.0,83.0,164,25,1
DOMINIC,629,1469,271.0,187.0,104.0,83.0,124,24,1
YOKE,369,1542,353.0,271.0,104.0,104.0,66,24,1
04/30/48,722,1542,239.0,353.0,74.0,104.0,142,27,1
ENEWETAK,961,1542,429.0,239.0,74.0,104.0,144,25,1
TOWER,1390,1542,221.0,429.0,74.0,104.0,87,26,1
WEAPONS,1611,1542,148.0,221.0,74.0,104.0,125,26,1
RELATED,1759,1542,227.0,148.0,74.0,104.0,128,25,1
49,1986,1542,57.0,227.0,74.0,104.0,34,24,1
KT,2043,1542,1676.0,57.0,74.0,104.0,31,24,1
YORK,369,1616,354.0,1676.0,74.0,74.0,68,25,1
08/24/62,723,1616,239.0,354.0,76.0,74.0,142,27,1
NTS,962,1616,429.0,239.0,76.0,74.0,51,25,1
SHAFT,1391,1616,221.0,429.0,76.0,74.0,87,25,1
WEAPONS,1612,1616,149.0,221.0,76.0,74.0,126,26,1
RELATED,1761,1616,226.0,149.0,76.0,74.0,126,26,1
LOW,1987,1616,1620.0,226.0,76.0,74.0,50,25,1
YJBA,369,1692,354.0,1620.0,76.0,76.0,68,25,1
06/05/63,723,1692,240.0,354.0,83.0,76.0,142,27,1
NTS,963,1692,429.0,240.0,83.0,76.0,49,24,1
TUNNEL,1392,1692,220.0,429.0,83.0,76.0,105,26,1
WEAPONS,1612,1692,148.0,220.0,83.0,76.0,125,26,1
RELATED,1760,1692,226.0,148.0,83.0,76.0,128,25,1
LOW,1986,1692,1544.0,226.0,83.0,76.0,52,26,1
POST-TEST,443,1729,186.0,1544.0,83.0,83.0,163,26,1
CONTROLLED,629,1729,204.0,186.0,106.0,83.0,181,27,1
RELEASE,833,1729,147.0,204.0,106.0,83.0,124,26,1
OF,980,1729,55.0,147.0,106.0,83.0,32,25,1
RADIOACTIVITY,1035,1729,263.0,55.0,106.0,83.0,239,26,1
DETECTED,1298,1729,167.0,263.0,106.0,83.0,145,27,1
OFF-SITE,1465,1729,1098.0,167.0,106.0,83.0,143,26,1
YUCCA,370,1805,353.0,1098.0,106.0,106.0,87,25,1
04/28/58,723,1805,241.0,353.0,82.0,106.0,142,28,1
PACIFIC,964,1805,427.0,241.0,82.0,106.0,121,26,1
BALLOON,1391,1805,221.0,427.0,82.0,106.0,124,25,1
WEAPONS,1612,1805,150.0,221.0,82.0,106.0,125,25,1
EFFECTS,1762,1805,1320.0,150.0,82.0,106.0,125,26,1
NORTH,443,1842,116.0,1320.0,82.0,82.0,88,25,1
12,559,1842,52.0,116.0,36.0,82.0,28,25,1
DEG.,611,1842,95.0,52.0,36.0,82.0,65,26,1
37,706,1842,52.0,95.0,36.0,82.0,29,25,1
MIN.,758,1842,93.0,52.0,36.0,82.0,66,26,1
EAST,851,1842,96.0,93.0,36.0,82.0,70,26,1
163,947,1842,70.0,96.0,36.0,82.0,48,25,1
DEG.,1017,1842,94.0,70.0,36.0,82.0,66,26,1
01,1111,1842,54.0,94.0,36.0,82.0,31,24,1
MIN.,1165,1842,723.0,54.0,36.0,82.0,67,26,1
DOD,443,1878,74.0,723.0,36.0,36.0,51,25,1
EVENT-OPERATION,517,1878,297.0,74.0,104.0,36.0,274,26,1
NEWSREEL,814,1878,451.0,297.0,104.0,36.0,143,25,1
YUKON,370,1952,353.0,451.0,104.0,104.0,87,26,1
05/08/62,723,1952,239.0,353.0,82.0,104.0,142,28,1
CHRISTMAS,962,1952,190.0,239.0,82.0,104.0,163,25,1
ISL,1152,1952,69.0,190.0,82.0,104.0,47,25,1
AREA,1221,1952,169.0,69.0,82.0,104.0,72,26,1
AIRDROP,1390,1952,222.0,169.0,82.0,104.0,126,25,1
WEAPONS,1612,1952,149.0,222.0,82.0,104.0,125,25,1
RELATED,1761,1952,229.0,149.0,82.0,104.0,126,26,1
INTERMEDIATE,1990,1952,1548.0,229.0,82.0,104.0,216,27,1
OPERATION,443,1989,186.0,1548.0,82.0,82.0,165,25,1
DOMINIC,629,1989,269.0,186.0,104.0,82.0,125,25,1
YUMA,371,2063,353.0,269.0,104.0,104.0,68,24,1
05/27/56,724,2063,240.0,353.0,75.0,104.0,141,29,1
ENEWETAK,964,2063,428.0,240.0,75.0,104.0,144,26,1
TOWER,1392,2063,221.0,428.0,75.0,104.0,88,25,1
WEAPONS,1613,2063,148.0,221.0,75.0,104.0,125,26,1
RELATED,1761,2063,1394.0,148.0,75.0,104.0,127,24,1
ZAZA,369,2137,355.0,1394.0,75.0,75.0,69,25,1
09/27/67,724,2137,240.0,355.0,74.0,75.0,142,29,1
NTS,964,2137,429.0,240.0,74.0,75.0,49,25,1
SHAFT,1393,2137,221.0,429.0,74.0,75.0,87,25,1
WEAPONS,1614,2137,149.0,221.0,74.0,75.0,125,25,1
RELATED,1763,2137,226.0,149.0,74.0,75.0,125,25,1
20,1989,2137,56.0,226.0,74.0,75.0,32,25,1
TO,2045,2137,58.0,56.0,74.0,75.0,32,25,1
200,2103,2137,73.0,58.0,74.0,75.0,49,26,1
KT,2176,2137,1809.0,73.0,74.0,75.0,31,24,1
ZEBRA,369,2211,354.0,1809.0,74.0,74.0,88,26,1
05/14/48,723,2211,240.0,354.0,75.0,74.0,144,29,1
ENEWETAK,963,2211,429.0,240.0,75.0,74.0,144,26,1
TOWER,1392,2211,221.0,429.0,75.0,74.0,87,25,1
WEAPONS,1613,2211,148.0,221.0,75.0,74.0,125,26,1
RELATED,1761,2211,228.0,148.0,75.0,74.0,126,25,1
18,1989,2211,54.0,228.0,75.0,74.0,31,25,1
KT,2043,2211,1676.0,54.0,75.0,74.0,33,25,1
ZINNIA,369,2286,355.0,1676.0,75.0,75.0,107,24,1
05/17/72,724,2286,240.0,355.0,74.0,75.0,143,30,1
NTS,964,2286,429.0,240.0,74.0,75.0,50,24,1
SHAFT,1393,2286,221.0,429.0,74.0,75.0,87,24,1
WEAPONS,1614,2286,149.0,221.0,74.0,75.0,126,25,1
RELATED,1763,2286,225.0,149.0,74.0,75.0,126,25,1
LESS,1988,2286,94.0,225.0,74.0,75.0,70,26,1
THAN,2082,2286,95.0,94.0,74.0,75.0,71,25,1
20,2177,2286,54.0,95.0,74.0,75.0,32,24,1
KT,2231,2286,1861.0,54.0,74.0,75.0,32,25,1
ZUCCHINI,372,2359,353.0,1861.0,74.0,74.0,138,25,1
05/15/55,725,2359,239.0,353.0,74.0,74.0,142,30,1
NTS,964,2359,429.0,239.0,74.0,74.0,50,25,1
TOWER,1393,2359,221.0,429.0,74.0,74.0,88,25,1
WEAPONS,1614,2359,149.0,221.0,74.0,74.0,126,26,1
RELATED,1763,2359,225.0,149.0,74.0,74.0,125,25,1
28,1988,2359,56.0,225.0,74.0,74.0,32,25,1
KT,2044,2359,1677.0,56.0,74.0,74.0,32,24,1
ZuNI,369,2432,357.0,1677.0,74.0,74.0,67,25,1
05/27/56,726,2432,238.0,357.0,1694.0,74.0,142,29,1
BIKINI,964,2432,431.0,238.0,1694.0,74.0,104,25,1
SURFACE,1395,2432,221.0,431.0,1694.0,74.0,123,26,1
WEAPONS,1616,2432,148.0,221.0,1694.0,74.0,125,25,1
RELATED,1764,2432,227.0,148.0,1694.0,74.0,126,25,1
3.5,1991,2432,72.0,227.0,1694.0,74.0,49,25,1
MT,2062,2433,0,72.0,1694.0,1694.0,33,23,1
