word,x,y,x+1 dist,x-1 dist,y+1 dist,y-1 dist,width,height,table
TABLE,1680,436,153.0,0,269.0,0,123,26,0
35,1833,436,415.0,153.0,269.0,0,44,29,0
ANALYTICAL,1431,537,275.0,415.0,269.0,269.0,247,29,0
RESULTS,1706,537,198.0,275.0,734.0,269.0,171,28,0
ON,1904,537,75.0,198.0,734.0,269.0,48,26,0
FILTERS,1979,537,1276.0,75.0,734.0,269.0,171,27,0
Sample,711,675,216.0,1276.0,734.0,734.0,145,36,1
I,927,675,57.0,216.0,67.0,734.0,6,93,1
Delay,984,675,243.0,57.0,67.0,734.0,122,37,1
I,1227,675,159.0,243.0,67.0,734.0,7,93,1
226,1386,675,71.0,159.0,67.0,734.0,64,24,1
Ra,1457,675,221.0,71.0,67.0,734.0,47,25,1
1,1678,675,156.0,221.0,67.0,734.0,6,45,1
224,1834,675,70.0,156.0,67.0,734.0,64,23,1
Ra,1904,675,272.0,70.0,67.0,734.0,48,25,1
1,2176,675,130.0,272.0,67.0,734.0,6,44,1
223,2306,675,70.0,130.0,67.0,734.0,63,21,1
Ra,2376,675,225.0,70.0,67.0,734.0,48,26,1
1,2601,675,78.0,225.0,67.0,734.0,6,93,1
226Rai,2679,675,1922.0,78.0,67.0,734.0,143,43,1
No.,758,722,260.0,1922.0,67.0,67.0,68,28,1
(h),1018,722,784.0,260.0,862.0,67.0,54,33,1
pCi,1802,722,102.0,784.0,862.0,67.0,74,37,1
L-1,1904,722,775.0,102.0,862.0,67.0,69,32,1
223,2679,722,71.0,775.0,862.0,67.0,64,23,1
Ra,2750,722,1139.0,71.0,862.0,67.0,47,26,1
(a),1615,809,90.0,1139.0,862.0,862.0,54,34,1
Ranger,1705,809,173.0,90.0,912.0,862.0,147,33,1
Area,1878,809,1173.0,173.0,912.0,862.0,99,27,1
79/1,712,934,273.0,1173.0,912.0,912.0,94,37,1
146.1,985,934,349.0,273.0,52.0,912.0,119,30,1
78.412.53,1334,934,473.0,349.0,52.0,912.0,242,30,1
7.580.95,1807,934,471.0,473.0,52.0,912.0,218,30,1
6.630.40,2278,934,424.0,471.0,52.0,912.0,220,32,1
11.8,2702,934,1993.0,424.0,52.0,912.0,93,29,1
82/3,710,985,275.0,1993.0,52.0,52.0,95,36,1
172.8,985,985,372.0,275.0,51.0,52.0,119,30,1
4.990.18,1357,985,448.0,372.0,51.0,52.0,220,30,1
0.690.18,1805,985,473.0,448.0,51.0,52.0,220,30,1
0.160.04,2278,985,424.0,473.0,51.0,52.0,220,31,1
30.9,2702,985,1995.0,424.0,51.0,52.0,93,29,1
OB,708,1035,78.0,1995.0,51.0,51.0,48,27,1
29,786,1035,199.0,78.0,51.0,51.0,43,29,1
288.5,985,1035,348.0,199.0,51.0,51.0,119,29,1
3.770.14,1333,1035,472.0,348.0,51.0,51.0,218,29,1
9.951.34,1805,1035,473.0,472.0,51.0,51.0,220,30,1
0.340.05,2278,1035,423.0,473.0,51.0,51.0,221,31,1
11.1,2701,1035,1991.0,423.0,51.0,51.0,94,30,1
9250,711,1085,274.0,1991.0,51.0,51.0,95,29,1
149.8,985,1085,348.0,274.0,51.0,51.0,119,30,1
2.290.10,1333,1085,473.0,348.0,51.0,51.0,219,31,1
1.010.21,1806,1085,472.0,473.0,51.0,51.0,218,30,1
0.120.02,2278,1085,423.0,472.0,51.0,51.0,219,30,1
18.8,2701,1085,1992.0,423.0,51.0,51.0,94,29,1
9252,710,1135,275.0,1992.0,51.0,51.0,95,29,1
216.0,985,1135,347.0,275.0,50.0,51.0,119,29,1
0.600.04,1332,1135,473.0,347.0,50.0,51.0,219,30,1
0.110.07,1805,1135,473.0,473.0,50.0,51.0,219,30,1
0.050.02,2278,1135,423.0,473.0,50.0,51.0,219,31,1
11.2,2701,1135,1992.0,423.0,50.0,51.0,94,29,1
9722,710,1185,275.0,1992.0,50.0,50.0,94,28,1
213.7,985,1185,347.0,275.0,50.0,50.0,118,30,1
0.320.02,1332,1185,448.0,347.0,50.0,50.0,219,30,1
-0.050.05,1780,1185,498.0,448.0,50.0,50.0,245,31,1
0.020.01,2278,1185,423.0,498.0,50.0,50.0,219,31,1
18.1,2701,1185,1992.0,423.0,50.0,50.0,94,30,1
9727,710,1235,275.0,1992.0,50.0,50.0,94,29,1
318.5,985,1235,346.0,275.0,51.0,50.0,119,30,1
4.110.16,1331,1235,474.0,346.0,51.0,50.0,221,31,1
0.150.25,1805,1235,473.0,474.0,51.0,50.0,221,30,1
0.300.05,2278,1235,423.0,473.0,51.0,50.0,220,31,1
13.5,2701,1235,1991.0,423.0,51.0,50.0,95,30,1
9754,711,1285,275.0,1991.0,51.0,51.0,95,29,1
316.5,986,1285,323.0,275.0,52.0,51.0,119,29,1
20.560.66,1309,1285,497.0,323.0,52.0,51.0,244,30,1
1.960.46,1806,1285,473.0,497.0,52.0,51.0,220,31,1
0.430.06,2279,1285,421.0,473.0,52.0,51.0,219,31,1
47.4,2700,1285,1989.0,421.0,52.0,51.0,96,30,1
20361,712,1336,274.0,1989.0,52.0,52.0,119,29,1
337.8,986,1336,323.0,274.0,884.0,52.0,119,29,1
37.561.25,1309,1336,473.0,323.0,884.0,52.0,244,30,1
25.963.81,1782,1336,497.0,473.0,884.0,52.0,243,30,1
1.920.26,2279,1336,423.0,497.0,884.0,52.0,220,31,1
19.6,2702,1336,1117.0,423.0,884.0,52.0,95,30,1
(b),1590,1437,90.0,1117.0,884.0,884.0,55,34,1
Koongarra,1680,1437,248.0,90.0,886.0,884.0,222,33,1
Area,1928,1437,1223.0,248.0,886.0,884.0,99,26,1
PH,710,1536,77.0,1223.0,886.0,886.0,48,26,1
27,787,1536,199.0,77.0,51.0,886.0,43,29,1
214.0,986,1536,322.0,199.0,51.0,886.0,119,30,1
96.823.10,1308,1536,474.0,322.0,51.0,886.0,245,30,1
23.602.41,1782,1536,473.0,474.0,51.0,886.0,244,31,1
14.890.73,2255,1536,471.0,473.0,51.0,886.0,242,31,1
6.5,2726,1536,2018.0,471.0,51.0,886.0,71,30,1
PH,709,1586,78.0,2018.0,51.0,51.0,49,27,1
73,787,1586,199.0,78.0,51.0,51.0,43,29,1
165.5,986,1586,349.0,199.0,51.0,51.0,120,30,1
3.220.12,1335,1586,471.0,349.0,51.0,51.0,218,30,1
0.8410.14,1806,1586,473.0,471.0,51.0,51.0,219,31,1
0.560.05,2279,1586,449.0,473.0,51.0,51.0,220,32,1
5.7,2728,1586,2019.0,449.0,51.0,51.0,68,29,1
PH,710,1636,77.0,2019.0,51.0,51.0,48,26,1
78,787,1636,199.0,77.0,52.0,51.0,44,29,1
173.5,986,1636,348.0,199.0,52.0,51.0,120,30,1
3.990.15,1334,1636,472.0,348.0,52.0,51.0,219,31,1
1.880.28,1806,1636,473.0,472.0,52.0,51.0,219,30,1
0.330.04,2279,1636,423.0,473.0,52.0,51.0,219,32,1
12.0,2702,1636,1994.0,423.0,52.0,51.0,95,29,1
PH,709,1687,77.0,1994.0,52.0,52.0,49,26,1
94,786,1687,200.0,77.0,50.0,52.0,44,28,1
171.5,986,1687,347.0,200.0,50.0,52.0,120,31,1
0.740.06,1333,1687,472.0,347.0,50.0,52.0,221,30,1
0.410.16,1805,1687,474.0,472.0,50.0,52.0,221,30,1
0.060.02,2279,1687,424.0,474.0,50.0,52.0,219,31,1
11.4,2703,1687,1995.0,424.0,50.0,52.0,92,30,1
KTD,709,1737,103.0,1995.0,50.0,50.0,74,26,1
1,812,1737,174.0,103.0,50.0,50.0,19,28,1
214.5,986,1737,347.0,174.0,50.0,50.0,119,29,1
1.760.09,1333,1737,473.0,347.0,50.0,50.0,219,30,1
1.140.27,1806,1737,473.0,473.0,50.0,50.0,218,30,1
0.180.04,2279,1737,447.0,473.0,50.0,50.0,219,32,1
9.9,2726,1737,2018.0,447.0,50.0,50.0,69,29,1
KD,709,1787,78.0,2018.0,50.0,50.0,48,27,1
1,787,1787,199.0,78.0,51.0,50.0,19,28,1
192.0,986,1787,320.0,199.0,51.0,50.0,119,29,1
43.051.32,1306,1787,476.0,320.0,51.0,50.0,246,31,1
31.401.68,1782,1787,498.0,476.0,51.0,50.0,243,31,1
2.540.14,2280,1787,422.0,498.0,51.0,50.0,218,31,1
17.0,2702,1787,1994.0,422.0,51.0,50.0,95,30,1
X-Spring,709,1838,277.0,1994.0,51.0,51.0,198,37,1
192.5,986,1838,323.0,277.0,113.0,51.0,120,30,1
28.261.12,1309,1838,473.0,323.0,113.0,51.0,243,30,1
57.306.22,1782,1838,497.0,473.0,113.0,51.0,242,30,1
3.140.33,2279,1838,447.0,497.0,113.0,51.0,218,30,1
9.0,2726,1838,1917.0,447.0,113.0,51.0,70,29,1
8,810,1888,175.0,1917.0,113.0,113.0,20,28,1
164.5,985,1888,324.0,175.0,102.0,113.0,120,30,1
13.160.44,1309,1888,472.0,324.0,102.0,113.0,243,31,1
16.360.88,1781,1888,498.0,472.0,102.0,113.0,243,29,1
7.240.29,2279,1888,448.0,498.0,102.0,113.0,219,31,1
1.8,2727,1888,2019.0,448.0,102.0,113.0,69,30,1
XPH,709,1893,0,2019.0,102.0,102.0,74,25,1
