word,x,y,x+1 dist,x-1 dist,y+1 dist,y-1 dist,width,height,table
W3E/RW-0091,2873,315,1645.0,0,1645.0,0,187,26,0
Table,1230,383,104.0,1645.0,1645.0,1645.0,85,27,0
2-5.,1334,383,105.0,104.0,362.0,1645.0,64,26,0
SECOND,1439,383,122.0,105.0,362.0,1645.0,103,26,0
REPOSITORY,1561,383,190.0,122.0,362.0,1645.0,172,27,0
RW-1,1751,383,85.0,190.0,362.0,1645.0,64,25,0
MILESTONES,1836,383,193.0,85.0,362.0,1645.0,173,26,0
(Continued).,2029,383,446.0,193.0,362.0,1645.0,201,30,0
Schedule-C.11,1587,439,362.0,446.0,362.0,362.0,190,42,0
Critical,1949,439,296.0,362.0,941.0,362.0,134,26,1
Notification,2245,439,349.0,296.0,941.0,362.0,209,26,1
Non-DOE,2594,439,330.0,349.0,941.0,362.0,121,26,1
OCRWM,2924,439,2278.0,330.0,941.0,362.0,89,25,1
Milestones,647,480,853.0,2278.0,941.0,941.0,171,27,1
Scheduled,1500,480,207.0,853.0,221.0,941.0,154,28,1
Completed,1707,480,278.0,207.0,221.0,941.0,155,32,1
Path,1985,480,261.0,278.0,221.0,941.0,67,26,1
To,2246,480,51.0,261.0,221.0,941.0,33,25,1
Congress,2297,480,264.0,51.0,221.0,941.0,138,31,1
Responsibility,2561,480,295.0,264.0,221.0,941.0,241,32,1
Responsibility,2856,480,2404.0,295.0,221.0,941.0,244,31,1
Congressional,455,589,243.0,2404.0,221.0,221.0,222,28,1
Authorization,698,589,335.0,243.0,105.0,221.0,228,32,1
5.29,369,648,139.0,335.0,105.0,105.0,68,26,1
Request,508,648,141.0,139.0,146.0,105.0,121,30,1
authorization,649,648,243.0,141.0,146.0,105.0,224,27,1
from,892,648,85.0,243.0,146.0,105.0,69,26,1
Congress,977,648,160.0,85.0,146.0,105.0,138,31,1
to,1137,648,416.0,160.0,146.0,105.0,32,25,1
TBD,1553,648,449.0,416.0,146.0,105.0,51,24,1
K,2002,648,330.0,449.0,146.0,105.0,16,24,1
Yes,2332,648,594.0,330.0,146.0,105.0,51,25,1
ADGR,2926,648,2418.0,594.0,146.0,105.0,69,25,1
proceed,509,688,139.0,2418.0,146.0,146.0,121,32,1
with,648,688,87.0,139.0,36.0,146.0,69,27,1
development,735,688,210.0,87.0,36.0,146.0,190,32,1
of,945,688,53.0,210.0,36.0,146.0,32,26,1
a,998,688,35.0,53.0,36.0,146.0,15,19,1
second,1033,688,524.0,35.0,36.0,146.0,102,28,1
repository,511,723,87.0,524.0,36.0,36.0,172,32,1
License,457,790,137.0,87.0,87.0,87.0,121,28,1
Aoolication,594,790,233.0,137.0,106.0,87.0,194,31,1
5.30,369,848,141.0,233.0,106.0,106.0,69,27,1
Submit,510,848,122.0,141.0,69.0,106.0,102,26,1
LA,632,848,54.0,122.0,69.0,106.0,34,25,1
to,686,848,49.0,54.0,69.0,106.0,32,25,1
NRC,735,848,801.0,49.0,69.0,106.0,52,27,1
2015,1536,848,467.0,801.0,69.0,106.0,69,26,1
X,2003,848,925.0,467.0,69.0,106.0,17,25,1
ADGR,2928,848,2559.0,925.0,69.0,106.0,69,25,1
5.31,370,916,139.0,2559.0,69.0,69.0,65,27,1
Receive,509,916,139.0,139.0,113.0,69.0,121,27,1
CA,648,916,888.0,139.0,113.0,69.0,35,26,1
2018,1536,916,468.0,888.0,113.0,69.0,69,25,1
X,2004,916,645.0,468.0,113.0,69.0,17,23,1
NRC,2649,916,2195.0,645.0,113.0,69.0,52,26,1
Uodated,456,989,141.0,2195.0,113.0,113.0,122,28,1
License,597,989,138.0,141.0,104.0,113.0,121,27,1
Aoolication,735,989,370.0,138.0,104.0,113.0,193,31,1
5.32,370,1047,140.0,370.0,104.0,104.0,68,26,1
Submit,510,1047,121.0,140.0,69.0,104.0,103,27,1
updated,631,1047,141.0,121.0,69.0,104.0,121,32,1
LA,772,1047,782.0,141.0,69.0,104.0,33,25,1
TBD,1554,1047,450.0,782.0,69.0,104.0,52,24,1
X,2004,1047,925.0,450.0,69.0,104.0,17,24,1
ADGR,2929,1047,2559.0,925.0,69.0,104.0,69,25,1
5.33,371,1115,139.0,2559.0,69.0,69.0,67,26,1
Receive,510,1115,140.0,139.0,283.0,69.0,121,26,1
operating,650,1115,174.0,140.0,283.0,69.0,156,31,1
license,824,1115,731.0,174.0,283.0,69.0,120,26,1
TBD,1555,1115,450.0,731.0,283.0,69.0,52,25,1
X,2005,1115,645.0,450.0,283.0,69.0,16,25,1
NRC,2650,1115,2557.0,645.0,283.0,69.0,52,26,1
!g/,94,1169,362.0,2557.0,283.0,283.0,49,29,0
final,456,1169,316.0,362.0,470.0,283.0,83,33,1
and,772,1169,68.0,316.0,470.0,283.0,50,27,1
Construction,840,1169,228.0,68.0,470.0,283.0,209,27,1
Design,1068,1169,506.0,228.0,470.0,283.0,104,30,1
Procurement,563,1189,201.0,506.0,470.0,470.0,189,26,1
5.34,371,1248,137.0,201.0,201.0,201.0,69,26,1
Waste,508,1248,107.0,137.0,67.0,201.0,88,25,1
Package,615,1248,140.0,107.0,67.0,201.0,121,31,1
FPCO,755,1248,85.0,140.0,67.0,201.0,68,26,1
Complete,840,1248,715.0,85.0,67.0,201.0,139,31,1
TBD,1555,1248,450.0,715.0,67.0,201.0,52,25,1
X,2005,1248,925.0,450.0,67.0,201.0,17,25,1
ADGR,2930,1248,2559.0,925.0,67.0,201.0,69,24,1
5.35,372,1314,139.0,2559.0,67.0,67.0,69,26,1
Repository,511,1314,193.0,139.0,113.0,67.0,173,32,1
Package,704,1314,140.0,193.0,113.0,67.0,119,31,1
FPCD,844,1314,84.0,140.0,113.0,67.0,67,26,1
Complete,928,1314,628.0,84.0,113.0,67.0,140,32,1
TBD,1556,1314,450.0,628.0,113.0,67.0,52,24,1
X,2006,1314,925.0,450.0,113.0,67.0,17,24,1
ADGR,2931,1314,2475.0,925.0,113.0,67.0,70,25,1
Construction,458,1386,106.0,2475.0,113.0,113.0,211,33,1
5.36,372,1447,140.0,106.0,106.0,106.0,69,26,1
Start,512,1447,106.0,140.0,113.0,106.0,85,26,1
repository,618,1447,190.0,106.0,113.0,106.0,172,32,1
construction,808,1447,731.0,190.0,113.0,106.0,207,26,1
2018,1539,1447,468.0,731.0,113.0,106.0,69,27,1
X,2007,1447,924.0,468.0,113.0,106.0,16,25,1
ADGR,2931,1447,2475.0,924.0,113.0,106.0,70,25,1
Operations,458,1519,106.0,2475.0,113.0,113.0,173,28,1
5.37,372,1580,140.0,106.0,106.0,106.0,67,26,1
Begin,512,1580,104.0,140.0,67.0,106.0,85,32,1
operations,616,1580,923.0,104.0,67.0,106.0,172,31,1
2023,1539,1580,468.0,923.0,67.0,106.0,68,26,1
X,2007,1580,924.0,468.0,67.0,106.0,17,24,1
ADGR,2931,1580,2559.0,924.0,67.0,106.0,70,25,1
5.38,373,1646,141.0,2559.0,67.0,67.0,68,25,1
Full,514,1646,85.0,141.0,264.0,67.0,62,26,1
operation,599,1646,958.0,85.0,264.0,67.0,155,32,1
TBD,1557,1646,450.0,958.0,264.0,67.0,51,25,1
X,2007,1646,925.0,450.0,264.0,67.0,17,24,1
ADGR,2932,1646,18.0,925.0,264.0,67.0,69,25,1
DG,2950,1646,2588.0,18.0,264.0,67.0,34,25,1
(1)All,376,1909,119.0,2588.0,264.0,264.0,96,37,0
dates,495,1909,106.0,119.0,1338.0,264.0,85,26,0
are,601,1909,69.0,106.0,1338.0,264.0,51,19,0
end-of-month,670,1909,226.0,69.0,1338.0,264.0,207,26,0
unless,896,1909,123.0,226.0,1338.0,264.0,102,26,0
otherwise,1019,1909,176.0,123.0,1338.0,264.0,155,26,0
indicated.,1195,1909,543.0,176.0,1338.0,264.0,166,26,0
-21-,1698,2113,1150.0,543.0,1338.0,1338.0,68,25,0
Revision,2848,2113,162.0,1150.0,1312.0,1338.0,138,26,0
1,3009,2114,0,162.0,1312.0,1312.0,10,24,0
