word,x,y,x+1 dist,x-1 dist,y+1 dist,y-1 dist,width,height,table
12,1114,188,826.0,0,826.0,0,48,32,0
Table,358,520,157.0,826.0,826.0,826.0,127,34,0
2.2.,515,520,152.0,157.0,870.0,826.0,93,34,0
Physical,667,520,235.0,152.0,870.0,826.0,204,42,0
characteristics,902,520,414.0,235.0,870.0,826.0,384,33,0
of,1316,520,77.0,414.0,870.0,826.0,50,32,0
LWR,1393,520,108.0,77.0,870.0,826.0,79,31,0
fuel,1501,520,130.0,108.0,870.0,826.0,99,34,0
assemblies,1631,520,447.0,130.0,870.0,826.0,254,34,0
BWR,1213,677,521.0,447.0,870.0,870.0,78,31,1
PWR,1734,677,1513.0,521.0,996.0,870.0,78,30,1
Overall,229,827,207.0,1513.0,996.0,996.0,178,34,1
assembly,436,827,232.0,207.0,105.0,996.0,203,40,1
"length,",668,827,204.0,232.0,105.0,996.0,171,43,1
in,872,827,340.0,204.0,105.0,996.0,29,23,1
4.470,1212,827,522.0,340.0,105.0,996.0,128,36,1
4.059,1734,827,1510.0,522.0,105.0,996.0,125,37,1
Cross,228,931,157.0,1510.0,105.0,105.0,126,33,1
"section,",385,931,231.0,157.0,101.0,105.0,195,38,1
cm,616,931,492.0,231.0,101.0,105.0,50,23,1
13.9,1108,931,131.0,492.0,101.0,105.0,99,34,1
x,1239,931,51.0,131.0,101.0,105.0,22,22,1
13.9,1290,931,341.0,51.0,101.0,105.0,100,34,1
21.4,1631,931,129.0,341.0,101.0,105.0,98,34,1
x,1760,931,52.0,129.0,101.0,105.0,22,21,1
21.4,1812,931,1588.0,52.0,101.0,105.0,98,34,1
Fuel,228,1032,129.0,1588.0,101.0,101.0,100,32,1
element,357,1032,207.0,129.0,105.0,101.0,179,34,1
"length,",564,1032,205.0,207.0,105.0,101.0,172,40,1
in,769,1032,442.0,205.0,105.0,101.0,27,22,1
4.064,1211,1032,525.0,442.0,105.0,101.0,127,37,1
3.851,1736,1032,1514.0,525.0,105.0,101.0,123,34,1
Active,226,1136,185.0,1514.0,105.0,105.0,155,32,1
fuel,411,1136,125.0,185.0,104.0,105.0,98,33,1
"height,",536,1136,206.0,125.0,104.0,105.0,173,39,1
in,742,1136,471.0,206.0,104.0,105.0,28,22,1
3.759,1213,1136,521.0,471.0,104.0,105.0,123,34,1
3.658,1734,1136,1511.0,521.0,104.0,105.0,124,34,1
Fuel,227,1239,130.0,1511.0,104.0,104.0,101,34,1
element,357,1239,205.0,130.0,103.0,104.0,178,33,1
"OD,",562,1239,104.0,205.0,103.0,104.0,69,39,1
cm,666,1239,545.0,104.0,103.0,104.0,52,24,1
1.252,1211,1239,520.0,545.0,103.0,104.0,127,34,1
1.07,1731,1239,1507.0,520.0,103.0,104.0,99,35,1
Fuel,228,1341,130.0,1507.0,103.0,103.0,100,33,1
element,358,1341,205.0,130.0,103.0,103.0,178,34,1
array,563,1341,622.0,205.0,103.0,103.0,126,32,1
8,1185,1341,53.0,622.0,103.0,103.0,22,33,1
x,1238,1341,51.0,53.0,103.0,103.0,22,22,1
8,1289,1341,390.0,51.0,103.0,103.0,22,33,1
15,1679,1341,78.0,390.0,103.0,103.0,48,33,1
x,1757,1341,52.0,78.0,103.0,103.0,23,22,1
15,1809,1341,1589.0,52.0,103.0,103.0,48,33,1
Assembly,224,1443,238.0,1589.0,103.0,103.0,208,40,1
total,462,1443,148.0,238.0,101.0,103.0,122,33,1
"weight,",610,1443,208.0,148.0,101.0,103.0,174,39,1
kg,818,1443,342.0,208.0,101.0,103.0,53,41,1
275.7,1160,1443,520.0,342.0,101.0,103.0,126,35,1
657.9,1680,1443,1459.0,520.0,101.0,103.0,123,36,1
"Uranium/assembly,",225,1543,464.0,1459.0,101.0,101.0,430,46,1
kg,689,1543,469.0,464.0,105.0,101.0,51,41,1
183.3,1158,1543,519.0,469.0,105.0,101.0,127,35,1
461.4,1677,1543,1457.0,519.0,105.0,101.0,125,37,1
"UO2/assembly,",224,1647,362.0,1457.0,105.0,105.0,330,45,1
kg,586,1647,573.0,362.0,86.0,105.0,51,41,1
208.0,1159,1647,519.0,573.0,86.0,105.0,126,35,1
523.4,1678,1647,1455.0,519.0,86.0,105.0,125,36,1
"Zircaloy/assetbly,",226,1732,957.0,1455.0,86.0,86.0,455,46,1
57.9a,1183,1732,621.0,957.0,489.0,86.0,124,49,1
b,1804,1732,1091.0,621.0,489.0,86.0,25,33,1
kg,714,1753,963.0,1091.0,489.0,489.0,51,42,1
108.4,1677,1753,1456.0,963.0,497.0,489.0,126,36,1
"Hardware/assembly,",224,1835,986.0,1456.0,497.0,497.0,457,46,1
9.77c,1210,1835,597.0,986.0,491.0,497.0,126,51,1
d,1807,1835,1094.0,597.0,491.0,497.0,23,33,1
kg,714,1857,990.0,1094.0,491.0,491.0,51,41,1
26.1,1704,1857,1483.0,990.0,499.0,491.0,100,35,1
Total,225,1956,155.0,1483.0,499.0,499.0,128,35,1
"metal/assembly,",380,1956,410.0,155.0,94.0,499.0,378,45,1
kg,790,1956,394.0,410.0,94.0,499.0,54,42,1
67.7,1184,1956,494.0,394.0,94.0,499.0,101,36,1
134.5,1678,1956,1459.0,494.0,94.0,499.0,125,35,1
Nominal,222,2049,210.0,1459.0,94.0,94.0,183,34,1
"volume/assembly,",432,2049,436.0,210.0,244.0,94.0,403,45,1
ms,868,2049,342.0,436.0,244.0,94.0,49,44,1
00864e,1210,2049,520.0,342.0,244.0,94.0,179,48,1
0186e,1730,2049,1392.0,520.0,244.0,94.0,152,50,1
a,354,2254,28.0,1392.0,244.0,244.0,25,23,0
Includes,382,2254,230.0,28.0,831.0,244.0,201,33,0
Zircaloy,612,2254,234.0,230.0,831.0,244.0,204,41,0
fuel-element,846,2254,340.0,234.0,831.0,244.0,308,36,0
spacers.,1184,2281,833.0,340.0,831.0,831.0,199,33,0
b,353,2324,40.0,833.0,833.0,833.0,24,33,0
Includes,383,2349,229.0,40.0,40.0,40.0,201,34,0
Zircaloy,612,2349,232.0,229.0,68.0,40.0,204,42,0
control-rod,844,2349,313.0,232.0,68.0,40.0,284,35,0
guide,1157,2349,157.0,313.0,68.0,40.0,127,41,0
thimbles.,1314,2349,962.0,157.0,68.0,40.0,226,34,0
c,354,2410,27.0,962.0,68.0,68.0,23,23,0
Includes,381,2410,233.0,27.0,68.0,68.0,201,33,0
stainless,614,2410,259.0,233.0,68.0,68.0,228,35,0
steel,873,2410,156.0,259.0,68.0,68.0,126,35,0
tie-plates,1029,2410,285.0,156.0,68.0,68.0,256,41,0
and,1314,2410,107.0,285.0,68.0,68.0,74,33,0
Inconel,1421,2410,207.0,107.0,68.0,68.0,177,34,0
springs.,1628,2410,1276.0,207.0,68.0,68.0,198,40,0
d,354,2478,37.0,1276.0,68.0,68.0,24,32,0
Includes,382,2502,228.0,37.0,37.0,37.0,199,34,0
10,610,2502,76.0,228.0,68.0,37.0,48,34,0
kg,686,2502,83.0,76.0,68.0,37.0,51,41,0
stainless,769,2502,260.0,83.0,68.0,37.0,229,35,0
steel,1029,2502,154.0,260.0,68.0,37.0,126,33,0
nozzles,1183,2502,209.0,154.0,68.0,37.0,179,34,0
and,1392,2502,106.0,209.0,68.0,37.0,76,33,0
Incone1-718,1498,2502,311.0,106.0,68.0,37.0,282,36,0
grids.,1809,2502,1458.0,311.0,68.0,37.0,146,41,0
e,353,2563,26.0,1458.0,68.0,68.0,25,24,0
Based,379,2563,231.0,26.0,183.0,68.0,128,34,0
overall,610,2563,207.0,231.0,183.0,68.0,179,33,0
outside,817,2563,209.0,207.0,183.0,68.0,180,33,0
dimension.,1026,2563,493.0,209.0,183.0,68.0,252,35,0
on,534,2589,0,493.0,183.0,183.0,51,24,0
