word,x,y,x+1 dist,x-1 dist,y+1 dist,y-1 dist,width,height,table
Table,497,487,135.0,0,252.0,0,108,40,0
15.,632,487,108.0,135.0,252.0,0,57,33,0
Core,740,487,114.0,108.0,252.0,0,89,33,0
Composite,854,487,222.0,114.0,252.0,0,200,39,0
Analysis:,1076,487,244.0,222.0,252.0,0,192,41,0
CM-2,1320,487,612.0,244.0,252.0,0,86,34,0
Top,720,603,90.0,612.0,252.0,252.0,64,39,1
of,810,603,446.0,90.0,225.0,252.0,42,31,1
23,1256,603,40.0,446.0,225.0,252.0,38,34,1
4U/238U,1296,603,543.0,40.0,225.0,252.0,155,61,1
230Th/,1839,603,131.0,543.0,225.0,252.0,124,62,1
238U,1970,603,1472.0,131.0,225.0,252.0,86,55,1
Sample,499,641,204.0,1472.0,225.0,225.0,129,42,1
Interval,703,641,288.0,204.0,42.0,225.0,167,33,1
Uranium,991,641,576.0,288.0,42.0,225.0,153,34,1
Thorium,1567,641,1070.0,576.0,42.0,225.0,154,34,1
Number,498,682,226.0,1070.0,42.0,42.0,131,32,1
(Feet),724,682,222.0,226.0,116.0,42.0,126,42,1
Conc.,946,682,138.0,222.0,116.0,42.0,102,35,1
(PPm),1084,682,196.0,138.0,116.0,42.0,99,44,1
(A.R.),1280,682,241.0,196.0,116.0,42.0,123,44,1
Conc.,1521,682,139.0,241.0,116.0,42.0,105,33,1
(PPm),1660,682,1169.0,139.0,116.0,42.0,102,44,1
MKG,497,797,91.0,1169.0,116.0,116.0,63,32,1
002,588,797,179.0,91.0,45.0,116.0,64,32,1
120,767,797,271.0,179.0,45.0,116.0,65,34,1
9.3,1038,797,261.0,271.0,45.0,116.0,61,34,1
0.97,1299,797,314.0,261.0,45.0,116.0,84,35,1
7.0,1613,797,313.0,314.0,45.0,116.0,64,35,1
0.28,1926,797,1430.0,313.0,45.0,116.0,84,35,1
MKG,497,842,91.0,1430.0,45.0,45.0,64,32,1
003,588,842,180.0,91.0,46.0,45.0,62,32,1
125,768,842,268.0,180.0,46.0,45.0,63,34,1
6.8,1036,842,265.0,268.0,46.0,45.0,64,33,1
1.12,1301,842,290.0,265.0,46.0,45.0,85,36,1
15.7,1591,842,335.0,290.0,46.0,45.0,83,36,1
0.60,1926,842,1429.0,335.0,46.0,45.0,86,34,1
MKG,498,887,91.0,1429.0,46.0,46.0,64,32,1
004,589,887,180.0,91.0,44.0,46.0,62,32,1
130,769,887,247.0,180.0,44.0,46.0,63,33,1
17.9,1016,887,285.0,247.0,44.0,46.0,84,34,1
1.02,1301,887,291.0,285.0,44.0,46.0,86,35,1
12.0,1592,887,335.0,291.0,44.0,46.0,86,34,1
U.43,1927,887,1431.0,335.0,44.0,46.0,84,33,1
MKG,497,930,91.0,1431.0,44.0,44.0,66,31,1
005,588,930,180.0,91.0,45.0,44.0,65,32,1
135,768,930,268.0,180.0,45.0,44.0,65,34,1
8.4,1036,930,265.0,268.0,45.0,44.0,64,34,1
1.14,1301,930,291.0,265.0,45.0,44.0,85,35,1
17.1,1592,930,334.0,291.0,45.0,44.0,78,35,1
0.57,1926,930,1430.0,334.0,45.0,44.0,83,34,1
MKG,497,975,92.0,1430.0,45.0,45.0,65,32,1
006,589,975,180.0,92.0,43.0,45.0,64,31,1
140,769,975,247.0,180.0,43.0,45.0,64,32,1
11.0,1016,975,285.0,247.0,43.0,45.0,85,33,1
1.09,1301,975,291.0,285.0,43.0,45.0,86,35,1
21.4,1592,975,335.0,291.0,43.0,45.0,84,34,1
0.32,1927,975,1431.0,335.0,43.0,45.0,85,34,1
MKG,497,1018,93.0,1431.0,43.0,43.0,66,32,1
007,590,1018,178.0,93.0,45.0,43.0,61,32,1
145,768,1018,271.0,178.0,45.0,43.0,65,32,1
5.1,1039,1018,262.0,271.0,45.0,43.0,56,33,1
1.06,1301,1018,291.0,262.0,45.0,43.0,87,34,1
19.5,1592,1018,335.0,291.0,45.0,43.0,85,35,1
0.53,1927,1018,1430.0,335.0,45.0,43.0,84,34,1
MKG,498,1062,91.0,1430.0,45.0,45.0,66,31,1
008,589,1062,181.0,91.0,46.0,45.0,64,32,1
150,770,1062,247.0,181.0,46.0,45.0,64,33,1
14.4,1017,1062,284.0,247.0,46.0,45.0,83,34,1
0.95,1301,1062,313.0,284.0,46.0,45.0,85,35,1
7.2,1614,1062,313.0,313.0,46.0,45.0,64,35,1
0.16,1927,1062,1429.0,313.0,46.0,45.0,86,35,1
MKG,499,1107,91.0,1429.0,46.0,46.0,65,32,1
009,590,1107,182.0,91.0,45.0,46.0,65,31,1
155,772,1107,268.0,182.0,45.0,46.0,61,33,1
5.7,1040,1107,263.0,268.0,45.0,46.0,59,34,1
1.02,1303,1107,291.0,263.0,45.0,46.0,85,35,1
15.5,1594,1107,334.0,291.0,45.0,46.0,84,35,1
0.40,1928,1107,1431.0,334.0,45.0,46.0,86,34,1
MKG,498,1151,92.0,1431.0,45.0,45.0,65,31,1
010,590,1151,180.0,92.0,45.0,45.0,65,32,1
160,770,1151,247.0,180.0,45.0,45.0,64,32,1
16.0,1017,1151,286.0,247.0,45.0,45.0,85,33,1
1.03,1303,1151,288.0,286.0,45.0,45.0,84,34,1
47,1591,1151,338.0,288.0,45.0,45.0,42,32,1
1.00,1929,1151,1431.0,338.0,45.0,45.0,85,35,1
MKG,499,1195,91.0,1431.0,45.0,45.0,64,31,1
011,590,1195,180.0,91.0,46.0,45.0,58,32,1
165,770,1195,248.0,180.0,46.0,45.0,64,33,1
25.4,1018,1195,286.0,248.0,46.0,45.0,82,34,1
1.00,1304,1195,288.0,286.0,46.0,45.0,85,34,1
41,1592,1195,338.0,288.0,46.0,45.0,36,32,1
1.20,1930,1195,1433.0,338.0,46.0,45.0,85,34,1
MKG,498,1240,92.0,1433.0,46.0,46.0,66,31,1
012,590,1240,180.0,92.0,45.0,46.0,64,32,1
170,770,1240,248.0,180.0,45.0,46.0,65,32,1
31.3,1018,1240,286.0,248.0,45.0,46.0,84,34,1
1.03,1304,1240,313.0,286.0,45.0,46.0,85,34,1
1.3,1617,1240,311.0,313.0,45.0,46.0,62,35,1
0.06,1928,1240,1430.0,311.0,45.0,46.0,88,34,1
MKG,499,1284,92.0,1430.0,45.0,45.0,65,31,1
013,591,1284,180.0,92.0,44.0,45.0,62,32,1
175,771,1284,248.0,180.0,44.0,45.0,63,33,1
14.4,1019,1284,284.0,248.0,44.0,45.0,82,33,1
0.94,1303,1284,314.0,284.0,44.0,45.0,86,34,1
0.5,1617,1284,312.0,314.0,44.0,45.0,63,35,1
0.25,1929,1284,1431.0,312.0,44.0,45.0,87,34,1
MKG,499,1328,92.0,1431.0,44.0,44.0,66,31,1
014,591,1328,179.0,92.0,46.0,44.0,61,31,1
180,770,1328,269.0,179.0,46.0,44.0,65,33,1
7.9,1039,1328,266.0,269.0,46.0,44.0,64,34,1
1.01,1305,1328,314.0,266.0,46.0,44.0,79,34,1
5.2,1619,1328,311.0,314.0,46.0,44.0,62,35,1
0.12,1930,1328,1432.0,311.0,46.0,44.0,86,35,1
MKG,499,1374,92.0,1432.0,46.0,46.0,64,31,1
015,591,1374,180.0,92.0,44.0,46.0,64,31,1
185,771,1374,269.0,180.0,44.0,46.0,63,34,1
6.5,1040,1374,266.0,269.0,44.0,46.0,63,33,1
1.00,1306,1374,290.0,266.0,44.0,46.0,84,34,1
12.7,1596,1374,334.0,290.0,44.0,46.0,83,35,1
0.45,1930,1374,1431.0,334.0,44.0,46.0,86,34,1
MKG,500,1417,90.0,1431.0,44.0,44.0,65,31,1
016,590,1417,182.0,90.0,1585.0,44.0,66,32,1
190,772,1417,270.0,182.0,1585.0,44.0,64,33,1
5.4,1042,1417,262.0,270.0,1585.0,44.0,61,34,1
0.99,1304,1417,313.0,262.0,1585.0,44.0,87,35,1
8.0,1617,1417,314.0,313.0,1585.0,44.0,65,34,1
0.24,1931,1417,1504.0,314.0,1585.0,44.0,82,35,1
99,1302,2783,0,1504.0,1585.0,1585.0,41,33,0
